[ membrane_1_leaflet_1 ]
     1     2     3     4     5     6     7     8     9    10    11    12    13    14    15
    16    17    18    19    20    21    22    23    24    25    26    27    28    29    30
    31    32    33    34    35    36    37    38    39    40    41    42    43    44    45
    46    47    48    49    50    51    52    53    54    55    56    57    58    59    60
    61    62    63    64    65    66    67    68    69    70    71    72    73    74    75
    76    77    78    79    80    81    82    83    84    85    86    87    88    89    90
    91    92    93    94    95    96    97    98    99   100   101   102   103   104   105
   106   107   108   109   110   111   112   113   114   115   116   117   118   119   120
   121   122   123   124   125   126   127   128   129   130   131   132   133   134   135
   136   137   138   139   140   141   142   143   144   145   146   147   148   149   150
   151   152   153   154   155   156   157   158   159   160   161   162   163   164   165
   166   167   168   169   170   171  3493  3494  3495  3496  3503  3509  3510  3511  3512
  3514  3515  3518  3523  3524  3526  3529  3533  3534  3537  3540  3541  3547  3548  3549
  3550  3552  3554  3557  3561  3564  3566  3567  3569  3570  3573  3575  3576  3580  3581
  3583  3584  3585  3586  3588  3590  3591  3592  3595  3597  3598  3599  3603  3604  3605
  3606  3607  3608  3609  3610  3611  3612  3614  3615  3616  3618  3620  3623  3624  3626
  3627  3632  3634  3637  3638  3639  3640  3641  3642  3643  3644  3645  3646  3647  3648
  3649  3650  3651  3652  3653  3654  3655  3656  3657  3658  3659  3660  3661  3662  3663
  3664  3665  3666  3667  3668  3669  3670  3671  3672  3673  3674  3675  3676  3677  3678
  3679  3680  3681  3682  3683  3684  3685  3686  3687  3688  3689  3690  3691  3692  3693
  3694  3695  3696  3697  3698  3699  3700  3701  3702  3703  3704  3705  3706  3707  3708
  3709  3710  3711  3712  3713  3714  3715  3716  3717  3718  3719  3720  3721  3722  3723
  3724  3725  3726  3727  3728  3729  3730  3731  3732  3733  3734  3735  3736  3737  3738
  3739  3740  3741  3742  3743  3744  3745  3746  3747  3748  3749  3750  3751  3752  3753
  3754  3755  3756  3757  3758  3759  3760  3761  3762  3763  3764  3765  3766  3767  3768
  3769  3770  3771  3772  3773  3774  3775  3776  3777  3778  3779  3780  3781  3782  3783
  3784  3785  3786  3787  3788  3789  3790  3791  3792  3793  3794  3795  3796  3797  3798
  3799  3800  3801  3802  3803  3804  3805  3806  3807  7131  7132  7133  7134  7137  7138
  7139  7140  7141  7142  7143  7145  7147  7152  7154  7160  7162  7166  7167  7168  7169
  7172  7175  7180  7181  7182  7183  7185  7188  7190  7196  7197  7202  7203  7204  7205
  7206  7211  7212  7213  7214  7218  7219  7220  7221  7222  7223  7227  7230  7231  7233
  7236  7238  7239  7240  7242  7247  7248  7249  7250  7251  7253  7256  7257  7258  7260
  7261  7263  7264  7266  7269  7273  7274  7275  7276  7277  7278  7279  7280  7281  7282
  7283  7284  7285  7286  7287  7288  7289  7290  7291  7292  7293  7294  7295  7296  7297
  7298  7299  7300  7301  7302  7303  7304  7305  7306  7307  7308  7309  7310  7311  7312
  7313  7314  7315  7316  7317  7318  7319  7320  7321  7322  7323  7324  7325  7326  7327
  7328  7329  7330  7331  7332  7333  7334  7335  7336  7337  7338  7339  7340  7341  7342
  7343  7344  7345  7346  7347  7348  7349  7350  7351  7352  7353  7354  7355  7356  7357
  7358  7359  7360  7361  7362  7363  7364  7365  7366  7367  7368  7369  7370  7371  7372
  7373  7374  7375  7376  7377  7378  7379  7380  7381  7382  7383  7384  7385  7386  7387
  7388  7389  7390  7391  7392  7393  7394  7395  7396  7397  7398  7399  7400  7401  7402
  7403  7404  7405  7406  7407  7408  7409  7410  7411  7412  7413  7414  7415  7416  7417
  7418  7419  7420  7421  7422  7423  7424  7425  7426  7427  7428  7429  7430  7431  7432
  7433  7434  7435  7436  7437  7438  7439  7440  7441  7442  7443 10769 10771 10772 10775
 10776 10779 10781 10782 10785 10787 10790 10791 10792 10793 10797 10799 10800 10801 10802
 10803 10804 10805 10806 10807 10809 10811 10812 10819 10820 10822 10826 10830 10831 10832
 10838 10839 10840 10844 10845 10846 10847 10850 10851 10852 10855 10857 10859 10866 10867
 10868 10870 10871 10873 10875 10877 10878 10883 10884 10885 10887 10889 10891 10892 10893
 10894 10898 10899 10901 10904 10905 10907 10908 10909 10910 10911 10912 10913 10914 10915
 10916 10917 10918 10919 10920 10921 10922 10923 10924 10925 10926 10927 10928 10929 10930
 10931 10932 10933 10934 10935 10936 10937 10938 10939 10940 10941 10942 10943 10944 10945
 10946 10947 10948 10949 10950 10951 10952 10953 10954 10955 10956 10957 10958 10959 10960
 10961 10962 10963 10964 10965 10966 10967 10968 10969 10970 10971 10972 10973 10974 10975
 10976 10977 10978 10979 10980 10981 10982 10983 10984 10985 10986 10987 10988 10989 10990
 10991 10992 10993 10994 10995 10996 10997 10998 10999 11000 11001 11002 11003 11004 11005
 11006 11007 11008 11009 11010 11011 11012 11013 11014 11015 11016 11017 11018 11019 11020
 11021 11022 11023 11024 11025 11026 11027 11028 11029 11030 11031 11032 11033 11034 11035
 11036 11037 11038 11039 11040 11041 11042 11043 11044 11045 11046 11047 11048 11049 11050
 11051 11052 11053 11054 11055 11056 11057 11058 11059 11060 11061 11062 11063 11064 11065
 11066 11067 11068 11069 11070 11071 11072 11073 11074 11075 11076 11077 11078 11079 14403
 14404 14405 14406 14408 14414 14415 14418 14419 14420 14423 14424 14425 14426 14428 14429
 14434 14435 14437 14439 14440 14441 14442 14444 14445 14448 14449 14450 14454 14456 14457
 14460 14461 14462 14464 14466 14470 14471 14473 14476 14479 14481 14482 14483 14485 14486
 14487 14488 14489 14490 14491 14492 14493 14494 14495 14497 14500 14501 14503 14504 14506
 14510 14511 14512 14513 14514 14516 14518 14523 14526 14528 14530 14534 14535 14537 14538
 14542 14543
[ membrane_1_leaflet_2 ]
   172   173   174   175   176   177   178   179   180   181   182   183   184   185   186
   187   188   189   190   191   192   193   194   195   196   197   198   199   200   201
   202   203   204   205   206   207   208   209   210   211   212   213   214   215   216
   217   218   219   220   221   222   223   224   225   226   227   228   229   230   231
   232   233   234   235   236   237   238   239   240   241   242   243   244   245   246
   247   248   249   250   251   252   253   254   255   256   257   258   259   260   261
   262   263   264   265   266   267   268   269   270   271   272   273   274   275   276
   277   278   279   280   281   282   283   284   285   286   287   288   289   290   291
   292   293   294   295   296   297   298   299   300   301   302   303   304   305   306
   307   308   309   310   311   312   313   314   315   316   317   318   319   320   321
   322   323   324   325   326   327   328   329   330   331   332   333   334   335   336
   337   338   339   340   341   342  3497  3498  3499  3500  3501  3502  3504  3505  3506
  3507  3508  3513  3516  3517  3519  3520  3521  3522  3525  3527  3528  3530  3531  3532
  3535  3536  3538  3539  3542  3543  3544  3545  3546  3551  3553  3555  3556  3558  3559
  3560  3562  3563  3565  3568  3571  3572  3574  3577  3578  3579  3582  3587  3589  3593
  3594  3596  3600  3601  3602  3613  3617  3619  3621  3622  3625  3628  3629  3630  3631
  3633  3635  3636  3808  3809  3810  3811  3812  3813  3814  3815  3816  3817  3818  3819
  3820  3821  3822  3823  3824  3825  3826  3827  3828  3829  3830  3831  3832  3833  3834
  3835  3836  3837  3838  3839  3840  3841  3842  3843  3844  3845  3846  3847  3848  3849
  3850  3851  3852  3853  3854  3855  3856  3857  3858  3859  3860  3861  3862  3863  3864
  3865  3866  3867  3868  3869  3870  3871  3872  3873  3874  3875  3876  3877  3878  3879
  3880  3881  3882  3883  3884  3885  3886  3887  3888  3889  3890  3891  3892  3893  3894
  3895  3896  3897  3898  3899  3900  3901  3902  3903  3904  3905  3906  3907  3908  3909
  3910  3911  3912  3913  3914  3915  3916  3917  3918  3919  3920  3921  3922  3923  3924
  3925  3926  3927  3928  3929  3930  3931  3932  3933  3934  3935  3936  3937  3938  3939
  3940  3941  3942  3943  3944  3945  3946  3947  3948  3949  3950  3951  3952  3953  3954
  3955  3956  3957  3958  3959  3960  3961  3962  3963  3964  3965  3966  3967  3968  3969
  3970  3971  3972  3973  3974  3975  3976  3977  3978  7129  7130  7135  7136  7144  7146
  7148  7149  7150  7151  7153  7155  7156  7157  7158  7159  7161  7163  7164  7165  7170
  7171  7173  7174  7176  7177  7178  7179  7184  7186  7187  7189  7191  7192  7193  7194
  7195  7198  7199  7200  7201  7207  7208  7209  7210  7215  7216  7217  7224  7225  7226
  7228  7229  7232  7234  7235  7237  7241  7243  7244  7245  7246  7252  7254  7255  7259
  7262  7265  7267  7268  7270  7271  7272  7444  7445  7446  7447  7448  7449  7450  7451
  7452  7453  7454  7455  7456  7457  7458  7459  7460  7461  7462  7463  7464  7465  7466
  7467  7468  7469  7470  7471  7472  7473  7474  7475  7476  7477  7478  7479  7480  7481
  7482  7483  7484  7485  7486  7487  7488  7489  7490  7491  7492  7493  7494  7495  7496
  7497  7498  7499  7500  7501  7502  7503  7504  7505  7506  7507  7508  7509  7510  7511
  7512  7513  7514  7515  7516  7517  7518  7519  7520  7521  7522  7523  7524  7525  7526
  7527  7528  7529  7530  7531  7532  7533  7534  7535  7536  7537  7538  7539  7540  7541
  7542  7543  7544  7545  7546  7547  7548  7549  7550  7551  7552  7553  7554  7555  7556
  7557  7558  7559  7560  7561  7562  7563  7564  7565  7566  7567  7568  7569  7570  7571
  7572  7573  7574  7575  7576  7577  7578  7579  7580  7581  7582  7583  7584  7585  7586
  7587  7588  7589  7590  7591  7592  7593  7594  7595  7596  7597  7598  7599  7600  7601
  7602  7603  7604  7605  7606  7607  7608  7609  7610  7611  7612  7613  7614 10765 10766
 10767 10768 10770 10773 10774 10777 10778 10780 10783 10784 10786 10788 10789 10794 10795
 10796 10798 10808 10810 10813 10814 10815 10816 10817 10818 10821 10823 10824 10825 10827
 10828 10829 10833 10834 10835 10836 10837 10841 10842 10843 10848 10849 10853 10854 10856
 10858 10860 10861 10862 10863 10864 10865 10869 10872 10874 10876 10879 10880 10881 10882
 10886 10888 10890 10895 10896 10897 10900 10902 10903 10906 11080 11081 11082 11083 11084
 11085 11086 11087 11088 11089 11090 11091 11092 11093 11094 11095 11096 11097 11098 11099
 11100 11101 11102 11103 11104 11105 11106 11107 11108 11109 11110 11111 11112 11113 11114
 11115 11116 11117 11118 11119 11120 11121 11122 11123 11124 11125 11126 11127 11128 11129
 11130 11131 11132 11133 11134 11135 11136 11137 11138 11139 11140 11141 11142 11143 11144
 11145 11146 11147 11148 11149 11150 11151 11152 11153 11154 11155 11156 11157 11158 11159
 11160 11161 11162 11163 11164 11165 11166 11167 11168 11169 11170 11171 11172 11173 11174
 11175 11176 11177 11178 11179 11180 11181 11182 11183 11184 11185 11186 11187 11188 11189
 11190 11191 11192 11193 11194 11195 11196 11197 11198 11199 11200 11201 11202 11203 11204
 11205 11206 11207 11208 11209 11210 11211 11212 11213 11214 11215 11216 11217 11218 11219
 11220 11221 11222 11223 11224 11225 11226 11227 11228 11229 11230 11231 11232 11233 11234
 11235 11236 11237 11238 11239 11240 11241 11242 11243 11244 11245 11246 11247 11248 11249
 11250 14401 14402 14407 14409 14410 14411 14412 14413 14416 14417 14421 14422 14427 14430
 14431 14432 14433 14436 14438 14443 14446 14447 14451 14452 14453 14455 14458 14459 14463
 14465 14467 14468 14469 14472 14474 14475 14477 14478 14480 14484 14496 14498 14499 14502
 14505 14507 14508 14509 14515 14517 14519 14520 14521 14522 14524 14525 14527 14529 14531
 14532 14533 14536 14539 14540 14541 14544
