1DPPC 12.2009 9.37091 2.75727 0
2DPPC 16.0417 10.5458 2.88667 0
3DPPC 5.55667 8.33833 3.20083 0
4DPPC 11.1742 17.1983 2.01333 0
5DPPC 12.0392 7.91833 2.77917 0
6DPPC 11.545 12.5025 2.6625 0
7DPPC 4.195 7.76417 2.84667 0
8DPPC 1.26333 10.0158 2.69 0
9DPPC 6.81833 10.0433 2.8675 0
10DPPC 1.41917 15.4658 2.06417 0
11DPPC 11.8417 14.045 2.1625 0
12DPPC 6.21917 16.5467 2.23083 0
13DPPC 6.98167 17.3808 2.31 0
14DPPC 7.74917 12.5742 2.45083 0
15DPPC 10.0317 8.36167 2.88 0
16DPPC 3.38 7.66917 2.79917 0
17DPPC 9.92833 9.26167 2.64667 0
18DPPC 15.1933 11.9933 2.53 0
19DPPC 18.3142 18.3317 2.15083 0
20DPPC 18.3608 16.4025 2.44917 0
21DPPC 21.0033 15.71 2.60417 0
22DPPC 10.9917 9.94917 2.76667 0
23DPPC 5.4925 6.46583 2.96833 0
24DPPC 10.2775 13.2025 2.36583 0
25DPPC 13.56 16.7842 1.905 0
26DPPC 18.8692 17.475 2.43167 0
27DPPC 1.14083 16.4817 2.47667 0
28DPPC 6.30417 17.5792 2.13167 0
29DPPC 3.27417 10.8142 2.44417 0
30DPPC 6.40083 15.6833 2.51167 0
31DPPC 6.65083 5.31167 2.69333 0
32DPPC 9.79083 7.44667 3.17167 0
33DPPC 14.6217 18.0042 1.94417 0
34DPPC 5.95417 12.2967 2.43833 0
35DPPC 1.89833 10.6525 2.745 0
36DPPC 13.8692 17.8208 2.0825 0
37DPPC 2.23083 19.7433 2.31083 0
38DPPC 4.16 13.3317 2.49083 0
39DPPC 4.8075 14.7425 2.20667 0
40DPPC 14.5042 11.9333 2.9175 0
41DPPC 1.38083 19.2025 2.26583 0
42DPPC 6.05 18.1617 2.01917 0
43DPPC 11.7692 11.9392 2.56167 0
44DPPC 4.14333 17.7958 2.315 0
45DPPC 9.6675 15.95 2.13083 0
46DPPC 3.66417 16.175 2.48333 0
47DPPC 20.0775 18.3133 2.29833 0
48DPPC 7.455 15.8775 2.19083 0
49DPPC 1.765 17.6608 2.2425 0
50DPPC 1.3375 20.3308 2.34 0
51DPPC 8.79333 8.72333 3.2425 0
52DPPC 11.6833 8.6175 2.7375 0
53DPPC 13.1383 14.1683 2.3025 0
54DPPC 1.4025 18.6175 2.1925 0
55DPPC 0.433333 20.3108 2.54167 0
56DPPC 2.15833 16.2142 2.35833 0
57DPPC 12.3233 15.3892 2.20333 0
58DPPC 20.66 12.6367 2.785 0
59DPPC 12.8783 16.145 1.99 0
60DPPC 8.47167 13.6275 2.16917 0
61DPPC 2.02333 8.46083 3.07 0
62DPPC 20.7042 13.6475 2.8125 0
63DPPC 1.715 16.8175 2.46667 0
64DPPC 13.6875 18.6117 1.7225 0
65DPPC 3.8875 18.6692 2.36167 0
66DPPC 19.085 11.6717 3.00833 0
67DPPC 8.7275 15.0733 2.33333 0
68DPPC 11.9692 17.0075 1.88333 0
69DPPC 10.5108 9.56 2.80167 0
70DPPC 18.6225 14.7325 2.65917 0
71DPPC 17.6942 15.9558 2.39667 0
72DPPC 20.6967 7.79833 2.745 0
73DPPC 7.3225 7.44333 3.09083 0
74DPPC 10.7958 15.1433 2.00583 0
75DPPC 14.2692 8.86 3.08083 0
76DPPC 7.65 5.55167 2.8625 0
77DPPC 7.71167 13.4133 2.41667 0
78DPPC 2.43833 15.7342 2.4675 0
79DPPC 13.805 10.0292 2.9 0
80DPPC 8.48583 11.2483 2.53583 0
81DPPC 19.135 16.2917 2.52583 0
82DPPC 3.36583 13.745 2.52333 0
83DPPC 0.971667 5.74667 3.0325 0
84DPPC 15.7508 15.7358 2.29417 0
85DPPC 17.0383 16.3933 2.51 0
86DPPC 10.5017 17.3117 1.96667 0
87DPPC 4.62917 5.75667 3.0825 0
88DPPC 4.02417 21.0517 2.00917 0
89DPPC 6.14 10.0175 2.94083 0
90DPPC 18.6842 18.6508 2.12 0
91DPPC 7.34333 11.7025 2.70083 0
92DPPC 1.90917 9.14083 2.8775 0
93DPPC 3.34167 6.68167 3.0025 0
94DPPC 12.9667 9.9575 2.73083 0
95DPPC 14.895 12.9417 2.7725 0
96DPPC 15.7842 12.5608 2.72417 0
97DPPC 1.99667 20.4283 2.2425 0
98DPPC 9.79 18.61 1.66167 0
99DPPC 0.400833 15.8142 2.65167 0
100DPPC 20.09 16.485 2.4475 0
101DPPC 6.65917 18.7658 1.9 0
102DPPC 0.624167 16.6892 2.4575 0
103DPPC 9.81083 13.2683 2.2625 0
104DUPC 10.7183 19.3108 1.67 0
105DUPC 12.2375 0.873333 0.925 0
106DUPC 17.5692 19.5283 1.935 0
107DUPC 14.2042 0.640833 1.355 0
108DUPC 6.89083 20.37 1.87167 0
109DUPC 0.104167 4.18083 2.675 0
110DUPC 16.3558 1.8475 1.75167 0
111DUPC 17.7508 9.6325 2.80917 0
112DUPC 1.3275 4.47583 2.84833 0
113DUPC 7.8 0.316667 1.79167 0
114DUPC 17.2475 5.985 2.5825 0
115DUPC 19.5408 2.715 2.31167 0
116DUPC 15.3667 4.915 2.72833 0
117DUPC 4.03 1.24583 2.4225 0
118DUPC 2.50083 2.14083 2.53 0
119DUPC 11.5825 1.22333 1.19583 0
120DUPC 2.5325 1.03667 2.5275 0
121DUPC 2.02917 3.91333 2.93333 0
122DUPC 6.86917 3.26583 2.54833 0
123DUPC 6.335 21.37 1.53667 0
124DUPC 10.4642 5.09833 1.95833 0
125DUPC 17.9625 5.70417 2.805 0
126DUPC 10.3792 2.13917 1.16083 0
127DUPC 16.9317 9.02 2.72833 0
128DUPC 12.1208 5.37167 2.07833 0
129DUPC 8.60167 0.458333 1.485 0
130DUPC 20.8317 2.21833 2.31833 0
131DUPC 0.456667 4.92 2.56417 0
132DUPC 14.3692 4.74 1.96417 0
133DUPC 4.73083 1.66917 2.3075 0
134DUPC 8.25917 4.44333 2.52083 0
135DUPC 17.4158 8.92917 2.8125 0
136DUPC 18.9842 3.7225 2.71917 0
137DUPC 16.8542 0.100833 2.05 0
138DUPC 9.33083 3.55167 1.7875 0
139DUPC 11.2808 4.68583 1.87583 0
140DUPC 5.48167 0.225833 2.14917 0
141DUPC 8.12917 1.2625 1.68333 0
142DUPC 14.6342 7.31917 2.80333 0
143DUPC 3.49083 2.76 2.46167 0
144DUPC 7.54417 21.5533 1.72417 0
145DUPC 18.6042 0.676667 1.925 0
146DUPC 15.7317 3.11167 2.015 0
147DUPC 8.635 2.41 1.63 0
148DUPC 0.289167 10.955 2.6575 0
149DUPC 5.51333 20.9625 2.14417 0
150DUPC 17.175 4.97333 2.54583 0
151DUPC 2.3225 2.70667 2.61083 0
152DUPC 15.6683 7.12667 2.92333 0
153DUPC 14.6892 18.8333 1.6775 0
154DUPC 11.5717 1.42083 1.3875 0
155DUPC 14.3908 21.1933 1.45583 0
156DUPC 19.73 21.1475 1.935 0
157DUPC 1.42917 2.21167 2.2625 0
158DUPC 8.2875 20.4358 1.32583 0
159DUPC 13.7733 21.205 1.53417 0
160DUPC 6.56417 1.385 2.08 0
161DUPC 6.08667 4.0025 2.5375 0
162DUPC 7.64083 20.4775 1.77917 0
163DUPC 18.3533 20.2042 1.98583 0
164DUPC 10.655 6.36 2.52333 0
165DUPC 4.03833 15.105 2.38583 0
166DUPC 19.8317 4.47333 2.65917 0
167DUPC 16.07 4.435 2.34 0
168DUPC 11.8 3.15667 1.45917 0
169DUPC 21.3533 2.94167 2.85167 0
170DUPC 19.3933 1.14083 2.12583 0
171DUPC 11.9858 7.09333 2.70167 0
172DPPC 18.4908 9.94667 5.22 1
173DPPC 11.715 17.185 4.45583 1
174DPPC 0.790833 13.8267 4.84333 1
175DPPC 18.5017 17.2317 5.05667 1
176DPPC 10.3567 18.3267 4.20417 1
177DPPC 13.9383 11.4883 5.4775 1
178DPPC 3.5425 11.0708 4.92917 1
179DPPC 1.97 17.4142 4.73667 1
180DPPC 9.96333 10.7608 5.0725 1
181DPPC 1.01167 19.605 4.71417 1
182DPPC 3.77167 17.3017 4.695 1
183DPPC 11.7908 21.62 3.52167 0
184DPPC 15.5592 17.5067 4.54083 1
185DPPC 14.4367 15.265 4.69833 1
186DPPC 4.0525 13.0383 4.96167 1
187DPPC 11.5083 4.87333 4.235 1
188DPPC 20.8817 9.67417 5.12083 1
189DPPC 13.9292 18.2592 4.20083 1
190DPPC 11.2692 19.8533 3.82833 0
191DPPC 21.1017 16.9992 4.79833 1
192DPPC 7.3975 17.3517 4.68333 1
193DPPC 1.3475 9.4425 4.90417 1
194DPPC 16.0733 0.6325 3.99583 1
195DPPC 17.08 18.7233 4.44917 1
196DPPC 16.6617 17.6175 4.65417 1
197DPPC 18.2142 1.3525 4.4325 1
198DPPC 2.35167 14.715 4.8925 1
199DPPC 3.6925 14.9967 4.865 1
200DPPC 19.835 20.8808 4.55083 1
201DPPC 8.09833 21.1742 3.91167 1
202DPPC 1.13 12.1358 5.375 1
203DPPC 19.3075 13.3558 5.39583 1
204DPPC 12.12 16.3167 4.6075 1
205DPPC 6.96417 21.59 3.88917 1
206DPPC 5.41667 18.8733 4.41333 1
207DPPC 4.81083 17.97 4.62417 1
208DPPC 0.814167 15.3967 4.95583 1
209DPPC 11.8867 14.8342 4.72083 1
210DPPC 7.37083 18.5483 4.51417 1
211DPPC 19.1125 17.6625 5.0175 1
212DPPC 18.2442 13.63 5.32167 1
213DPPC 20.25 13.7033 5.28833 1
214DPPC 16.225 19.3425 4.05 1
215DPPC 15.3317 14.75 4.81917 1
216DPPC 20.5175 15.3742 5.12833 1
217DPPC 5.58083 18.1817 4.4225 1
218DPPC 17.2567 17.8075 4.62917 1
219DPPC 8.88333 20.1042 4.02833 1
220DPPC 4.96083 11.535 5.0075 1
221DPPC 12.1442 3.85333 3.8975 1
222DPPC 11.2508 13.3592 4.91667 1
223DPPC 21.4883 16.0492 4.92833 1
224DPPC 9.965 16.3158 4.8275 1
225DPPC 17.4967 14.195 5.0925 1
226DPPC 20.8067 12.47 5.40083 1
227DPPC 6.6975 16.3608 4.685 1
228DPPC 14.3233 18.87 4.25 1
229DPPC 17.5383 15.0525 5.13417 1
230DPPC 0.62 18.1958 4.76167 1
231DPPC 18.5133 20.2258 4.33667 1
232DPPC 11.525 18.1917 4.165 1
233DPPC 21.4067 11.8458 5.00167 1
234DPPC 12.4617 15.6858 4.62 1
235DPPC 15.4817 13.0008 5.05917 1
236DPPC 0.783333 2.10083 4.51833 1
237DPPC 6.70333 2.82 4.52583 1
238DPPC 18.6775 11.0958 5.65667 1
239DPPC 14.6825 17.8483 4.50917 1
240DPPC 1.68167 14.1575 5.03583 1
241DPPC 10.8508 1.0775 3.4725 0
242DPPC 13.325 11.4158 5.35083 1
243DPPC 2.47417 13.5742 4.89833 1
244DPPC 10.6267 2.74417 3.71917 0
245DPPC 13.9725 14.8342 5.01 1
246DPPC 17.8658 1.7425 4.45667 1
247DPPC 13.4525 1.1425 3.53417 0
248DPPC 2.7475 20.16 4.55167 1
249DPPC 18.4875 14.3583 5.4225 1
250DPPC 17.8842 19.985 4.19 1
251DPPC 12.0642 20.4058 3.7475 0
252DPPC 7.30417 19.585 4.47833 1
253DPPC 8.40583 4.87083 4.74917 1
254DPPC 16.2033 20.5575 4.3275 1
255DPPC 6.33667 14.2758 5.19333 1
256DPPC 1.60167 18.3175 4.75833 1
257DPPC 20.22 18.4442 4.85667 1
258DPPC 16.6458 11.7642 5.49917 1
259DPPC 7.95583 14.4908 4.80583 1
260DPPC 19.8267 8.67417 5.05083 1
261DPPC 11.0575 19.0758 4.2275 1
262DPPC 16.2008 17.285 4.51083 1
263DPPC 17.7675 16.3958 4.89917 1
264DPPC 15.4242 16.8925 4.82417 1
265DPPC 0.209167 13.89 5.16333 1
266DPPC 16.0067 9.87 5.20917 1
267DPPC 6.8775 14.6908 5.2925 1
268DPPC 16.6583 14.2142 5.18583 1
269DPPC 11.2792 14.0308 4.61 1
270DPPC 11.3067 2.27083 3.68 0
271DPPC 11.865 19.72 3.95833 1
272DPPC 3.4775 14.3225 5.0525 1
273DPPC 20.24 19.5067 4.66917 1
274DPPC 8.305 17.2808 4.77083 1
275DPPC 10.3183 16.9092 4.66333 1
276DUPC 9.935 8.37583 5.265 1
277DUPC 5.6675 20.8342 4.21333 1
278DUPC 5.30833 9.49083 5.06167 1
279DUPC 8.47 10.1725 5.43083 1
280DUPC 4.7575 20.2142 4.34 1
281DUPC 13.6492 9.7125 5.38917 1
282DUPC 21.12 0.710833 4.84833 1
283DUPC 2.92167 1.85167 4.7375 1
284DUPC 20.77 3.63583 4.86167 1
285DUPC 19.6358 11.7058 5.5075 1
286DUPC 0.1675 21.2525 4.755 1
287DUPC 15.5467 8.01 5.065 1
288DUPC 3.96917 4.01333 5.17833 1
289DUPC 1.89333 2.28 4.4925 1
290DUPC 7.20583 6.67917 5.665 1
291DUPC 8.32417 0.7475 3.9275 1
292DUPC 14.1225 4.4875 3.9425 1
293DUPC 15.7408 1.14417 4.22167 1
294DUPC 6.37083 9.24333 5.29417 1
295DUPC 16.0833 1.62 3.9775 1
296DUPC 0.0366667 20.6167 4.7175 1
297DUPC 3.405 5.98083 5.27833 1
298DUPC 15.2833 9.07583 5.18833 1
299DUPC 8.98833 1.22167 3.79167 0
300DUPC 1.98917 6.86583 5.025 1
301DUPC 5.7525 3.755 5.18333 1
302DUPC 14.2758 9.2 5.32333 1
303DUPC 2.3325 4.17333 5.1775 1
304DUPC 5.92 3.025 4.9775 1
305DUPC 6.5825 19.7375 4.54333 1
306DUPC 7.95167 8.23667 5.6175 1
307DUPC 6.09083 4.91667 5.13 1
308DUPC 4.70083 6.2525 5.18167 1
309DUPC 19.0208 3.0375 4.65167 1
310DUPC 21.4367 0.4325 4.86583 1
311DUPC 6.05583 7.62667 5.3125 1
312DUPC 5.9775 20.2692 4.295 1
313DUPC 17.5842 6.60667 5.03333 1
314DUPC 1.99583 1.60417 4.49083 1
315DUPC 14.175 11.1983 5.04583 1
316DUPC 9.6 7.45167 5.50417 1
317DUPC 16.2267 5.34833 4.43917 1
318DUPC 4.08333 8.25917 5.25333 1
319DUPC 20.7183 6.19833 5.0825 1
320DUPC 13.6092 6.52 4.81333 1
321DUPC 14.6633 7.70417 4.9075 1
322DUPC 19.3958 4.43333 4.915 1
323DUPC 21.2158 6.93083 5.4425 1
324DUPC 1.68917 7.44917 5.35083 1
325DUPC 6.19833 21.315 4.24667 1
326DUPC 17.12 1.33583 4.11667 1
327DUPC 20.6825 6.9025 5.325 1
328DUPC 5.9725 9.68917 5.31833 1
329DUPC 2.23 5.67 5.2375 1
330DUPC 8.02917 5.88667 5.00833 1
331DUPC 3.21917 2.65333 4.85833 1
332DUPC 5.45333 5.46583 5.07417 1
333DUPC 18.3292 6.32417 4.9175 1
334DUPC 3.95167 20.9833 4.395 1
335DUPC 16.295 8.01083 4.98583 1
336DUPC 7.86667 10.6775 5.22583 1
337DUPC 15.1183 9.84417 5.175 1
338DUPC 3.46583 8.19917 5.295 1
339DUPC 15.5 5.55333 4.66167 1
340DUPC 4.59917 0.346667 4.31 1
341DUPC 16.7575 9.17583 5.21667 1
342DUPC 17.9125 5.455 4.70833 1
3493CHOL 12.555 9.67125 2.8425 0
3494CHOL 19.9213 8.1775 2.96 0
3495CHOL 12.3088 14.635 2.59875 0
3496CHOL 11.1938 13.3062 2.55875 0
3497CHOL 14.1475 5.3625 4.0275 1
3498CHOL 17.7413 0.2225 3.9625 1
3499CHOL 14.155 13.6612 4.76 1
3500CHOL 11.2513 17.0963 4.1975 1
3501CHOL 21.0312 10.21 4.87125 1
3502CHOL 6.33625 11.9362 4.81375 1
3503CHOL 0.88625 13.8737 2.7975 0
3504CHOL 21.2787 13.3575 5.1175 1
3505CHOL 4.685 14.5638 4.60125 1
3506CHOL 9.4725 7.4525 4.78 1
3507CHOL 7.9575 5.33375 4.795 1
3508CHOL 16.9725 14.8637 4.685 1
3509CHOL 14.42 8.15125 3.19625 0
3510CHOL 21.205 19.9763 2.48375 0
3511CHOL 14.48 13.5625 2.71375 0
3512CHOL 3.155 5.8525 3.1725 0
3513CHOL 14.5025 13.1013 4.835 1
3514CHOL 0.515 3.39875 3.135 0
3515CHOL 14.445 9.31625 3.28 0
3516CHOL 20.0225 16.5012 4.60875 1
3517CHOL 19.12 0.435 4.44125 1
3518CHOL 21.545 15.625 3.0675 0
3519CHOL 15.61 14.1238 4.68625 1
3520CHOL 2.81875 9.69375 4.85375 1
3521CHOL 18.5575 20.8175 4.07375 1
3522CHOL 14.5225 20.8925 3.635 0
3523CHOL 15.6687 16.375 2.555 0
3524CHOL 7.72625 5.94375 2.9875 0
3525CHOL 13.2087 12.5125 4.925 1
3526CHOL 11.8275 21.2388 2.23375 0
3527CHOL 11.215 20.2137 3.4825 0
3528CHOL 17.4425 20.305 4.1075 1
3529CHOL 15.4137 14.2437 2.29 0
3530CHOL 17.0475 16.045 4.84125 1
3531CHOL 13.9962 21.7925 3.36625 0
3532CHOL 17.6788 7.88 4.75625 1
3533CHOL 8.9625 10.39 3.2625 0
3534CHOL 13.7738 10.6325 3.16 0
3535CHOL 11.3125 4.44625 3.885 1
3536CHOL 19.6275 16.7175 4.7825 1
3537CHOL 17.84 1.59 2.42875 0
3538CHOL 11.8113 15.6462 4.43875 1
3539CHOL 12.265 19.5037 3.51125 0
3540CHOL 6.39 4.8125 2.7825 0
3541CHOL 0.14 14.6525 2.9 0
3542CHOL 3.45375 18.685 4.37625 1
3543CHOL 14.91 3.82125 3.56125 0
3544CHOL 1.98375 5.4325 4.3825 1
3545CHOL 5.21625 10.165 4.73 1
3546CHOL 5.09625 18.63 4.25125 1
3547CHOL 4.22 17.1362 2.56125 0
3548CHOL 3.07 10.2787 2.8675 0
3549CHOL 9.0575 15.6863 2.3875 0
3550CHOL 15.295 7.48875 3.15875 0
3551CHOL 20.7812 18.4325 4.5275 1
3552CHOL 11.515 7.01375 2.70375 0
3553CHOL 7.295 2.78 4.09875 1
3554CHOL 17.0338 16.8237 2.50125 0
3555CHOL 19.8875 21.58 4.35375 1
3556CHOL 3.745 17.715 4.52625 1
3557CHOL 1.71 5.14875 3.1525 0
3558CHOL 0.12625 9.565 4.73625 1
3559CHOL 8.26875 21.6838 3.695 0
3560CHOL 11.38 11.3237 4.72875 1
3561CHOL 7.46125 4.92 2.7825 0
3562CHOL 1.64125 11.4775 5.08125 1
3563CHOL 17.02 13.8688 4.91375 1
3564CHOL 13.5113 17.2188 2.17125 0
3565CHOL 18.9387 15.4563 4.9625 1
3566CHOL 5.54625 7.25625 3.10875 0
3567CHOL 16.165 15.2475 2.50875 0
3568CHOL 9.245 18.8862 4.02625 1
3569CHOL 16.8525 19.0337 2.0625 0
3570CHOL 4.66125 18.3363 2.29125 0
3571CHOL 18.3387 3.79875 4.39125 1
3572CHOL 11.2763 19.28 3.80875 0
3573CHOL 7.52875 18.85 2.03 0
3574CHOL 8.29375 12.2313 4.77125 1
3575CHOL 15.6287 10.8525 3.2275 0
3576CHOL 1.1725 14.92 2.415 0
3577CHOL 9.905 3.16875 3.5925 0
3578CHOL 9.9925 19.4775 3.90375 1
3579CHOL 4.1425 15.5663 4.6825 1
3580CHOL 17.6788 3.545 2.895 0
3581CHOL 15.4937 11.9825 2.8125 0
3582CHOL 17.7388 19.1538 4.245 1
3583CHOL 12.3875 16.8075 2.135 0
3584CHOL 13.41 14.7475 2.47375 0
3585CHOL 20.3575 10.6937 3.18625 0
3586CHOL 3.615 8.0875 2.95375 0
3587CHOL 20.0688 4.10125 4.7425 1
3588CHOL 7.2475 5.93375 3.365 0
3589CHOL 8.3625 6.97125 5.06125 1
3590CHOL 0.88875 15.8688 2.6125 0
3591CHOL 17.1675 9.82625 3.25375 0
3592CHOL 11.4012 20.7525 2.445 0
3593CHOL 11.545 14.655 4.385 1
3594CHOL 11.5212 3.52875 3.4725 0
3595CHOL 12.3113 11.5538 2.73375 0
3596CHOL 12.735 14.535 4.49 1
3597CHOL 13.5212 6.59125 2.94125 0
3598CHOL 7.79625 11.6175 3.0075 0
3599CHOL 18.9225 17.2175 2.81875 0
3600CHOL 19.445 8.2375 4.915 1
3601CHOL 9.11 17.2325 4.25625 1
3602CHOL 7 20.1125 3.96125 1
3603CHOL 15.045 21.7663 1.92 0
3604CHOL 21.1562 18.9062 2.44 0
3605CHOL 10.6912 13.3387 2.68125 0
3606CHOL 19.3125 14.8825 2.955 0
3607CHOL 11.2575 16.6762 2.19875 0
3608CHOL 8.1 2.6625 2.43375 0
3609CHOL 4.96625 13.9862 2.48 0
3610CHOL 16.305 0.0275 2.1625 0
3611CHOL 13.0875 6.3275 2.77625 0
3612CHOL 0.475 9.985 2.9275 0
3613CHOL 21.0662 12.3425 4.82625 1
3614CHOL 0.53625 12.2212 3.03 0
3615CHOL 9.45875 12.0175 2.81375 0
3616CHOL 2.64875 4.34875 3.01 0
3617CHOL 18.45 16.4488 4.8075 1
3618CHOL 17.54 12.41 3.0075 0
3619CHOL 14.5213 19.8825 3.87375 1
3620CHOL 2.68 6.00625 3.49875 0
3621CHOL 9.19625 12.6487 4.67625 1
3622CHOL 19.4875 20.1425 4.1925 1
3623CHOL 11.0287 17.6888 2.08875 0
3624CHOL 5.47875 16.6663 2.32625 0
3625CHOL 2.285 8.47125 5.21875 1
3626CHOL 0.2225 8.45875 2.83 0
3627CHOL 2.89625 13.775 2.88875 0
3628CHOL 0.67875 11.1813 4.97125 1
3629CHOL 13.6413 20.8888 3.55625 0
3630CHOL 12.8162 15.1263 4.675 1
3631CHOL 16.4213 19.7888 3.92 1
3632CHOL 17.475 14.8563 2.85625 0
3633CHOL 4.31375 0.515 3.44125 0
3634CHOL 2.61375 8.06 3.30875 0
3635CHOL 12.9887 13.38 4.4975 1
3636CHOL 14.8962 6.1125 4.5175 1
3637DPPC 10.5367 11.4483 2.325 0
3638DPPC 12.6558 17.7567 1.79167 0
3639DPPC 7.885 16.6708 2.25333 0
3640DPPC 5.64583 5.75667 3.02 0
3641DPPC 7.44917 15.1758 2.35417 0
3642DPPC 13.2 18.2258 1.7825 0
3643DPPC 15.5717 14.7308 2.38417 0
3644DPPC 13.3383 7.71667 2.74167 0
3645DPPC 5.47333 13.6258 2.54 0
3646DPPC 20.83 4.83333 3.06667 0
3647DPPC 21.4092 16.2442 2.53083 0
3648DPPC 1.20833 21.0908 2.55 0
3649DPPC 1.49833 7.03333 3.05667 0
3650DPPC 4.91417 4.9225 3.03667 0
3651DPPC 19.6842 15.4775 2.87333 0
3652DPPC 21.17 20.4233 2.55 0
3653DPPC 8.32917 15.9025 2.12167 0
3654DPPC 4.6875 11.9625 2.45667 0
3655DPPC 15.5275 -1.49012e-08 1.685 0
3656DPPC 15.1467 13.4958 2.62 0
3657DPPC 0.85 12.0292 2.78667 0
3658DPPC 6.15 2.5425 2.56583 0
3659DPPC 11.5042 15.4492 1.9375 0
3660DPPC 9.79583 14.0825 2.21583 0
3661DPPC 2.3575 19.1308 2.22333 0
3662DPPC 7.1175 6.875 3.32667 0
3663DPPC 18.5117 14.1508 2.85667 0
3664DPPC 9.9375 11.6208 2.58583 0
3665DPPC 0.946667 17.5908 2.22917 0
3666DPPC 5.21417 7.07417 3.13083 0
3667DPPC 1.74 5.5725 3.02083 0
3668DPPC 4.70417 15.6267 2.38833 0
3669DPPC 7.94917 6.3625 3.12583 0
3670DPPC 5.12083 10.3367 2.96833 0
3671DPPC 3.28417 4.6025 2.80917 0
3672DPPC 8.06083 14.8708 2.17583 0
3673DPPC 17.6333 15.4167 2.54917 0
3674DPPC 11.0442 11.5017 2.54167 0
3675DPPC 2.77833 20.12 2.49 0
3676DPPC 8.9375 16.2533 2.34583 0
3677DPPC 16.9225 15.3817 2.44917 0
3678DPPC 11.9392 13.4992 2.56 0
3679DPPC 19.2092 18.0208 2.49333 0
3680DPPC 21.0283 5.73583 3.07833 0
3681DPPC 16.5867 14.7833 2.4925 0
3682DPPC 20.9633 21.4517 2.58 0
3683DPPC 13.5183 9.08917 2.91583 0
3684DPPC 6.80833 11.5717 2.71417 0
3685DPPC 0.264167 18.2092 2.23083 0
3686DPPC 11.4425 14.5742 2.045 0
3687DPPC 7.12917 18.345 2.11 0
3688DPPC 15.63 9.41667 2.8375 0
3689DPPC 21.1825 18.4933 2.37417 0
3690DPPC 1.67333 14.8692 2.49667 0
3691DPPC 20.2883 14.8725 2.8025 0
3692DPPC 17.4642 12.9467 2.87 0
3693DPPC 9.75333 15.305 2.34083 0
3694DPPC 11.5792 10.6175 2.73667 0
3695DPPC 13.8967 11.6733 2.74 0
3696DPPC 14.9758 15.085 2.35417 0
3697DPPC 18.7783 10.2925 3.08167 0
3698DPPC 3.69917 5.96583 3.30917 0
3699DPPC 20.5575 8.6875 2.71333 0
3700DPPC 11.9633 18.1008 1.66583 0
3701DPPC 6.05833 14.405 2.56417 0
3702DPPC 13.08 12.3775 2.57917 0
3703DPPC 18.9292 19.5567 2.17083 0
3704DPPC 5.8 11.59 2.84667 0
3705DPPC 12.0375 11.2742 2.67667 0
3706DPPC 8.9025 13.0725 2.25083 0
3707DPPC 8.67917 8.01333 3.08917 0
3708DPPC 0.833333 10.765 2.76 0
3709DPPC 1.03 13.3983 2.71 0
3710DPPC 1.27417 14.135 2.41167 0
3711DPPC 9.82083 19.37 1.48917 0
3712DPPC 5.39667 11.2558 2.5675 0
3713DPPC 14.9625 16.5008 2.055 0
3714DPPC 21.425 17.7867 2.32083 0
3715DPPC 2.97 8.52667 2.875 0
3716DPPC 9.07417 14.3 2.26333 0
3717DPPC 14.2167 9.71083 3.03 0
3718DPPC 10.5425 10.4683 2.5775 0
3719DPPC 21.1058 14.5233 2.58167 0
3720DPPC 8.73667 17.275 1.93417 0
3721DPPC 14.6833 15.7575 2.235 0
3722DPPC 4.80333 16.8267 2.29667 0
3723DPPC 12.4783 21.7408 1.54833 0
3724DPPC 16.2667 11.0133 2.9075 0
3725DPPC 6.3475 6.0775 3.13167 0
3726DPPC 10.8358 12.45 2.39167 0
3727DPPC 9.46667 8.65417 3.105 0
3728DPPC 6.83833 5.93583 3.1 0
3729DPPC 19.3083 10.7458 3.19833 0
3730DPPC 17.9992 12.5292 2.98917 0
3731DPPC 18.1992 13.7142 2.73667 0
3732DPPC 14.5775 17.1033 1.87167 0
3733DPPC 14.8267 12.4475 2.97667 0
3734DPPC 3.72083 10.5217 2.75333 0
3735DPPC 12.2042 16.1692 1.94667 0
3736DPPC 12.29 10.5092 2.745 0
3737DPPC 3.515 17.2692 2.485 0
3738DPPC 17.3192 13.6267 2.415 0
3739DPPC 12.6758 17.22 1.8025 0
3740DUPC 14.645 3.23833 1.8675 0
3741DUPC 21.6233 8.75917 2.59417 0
3742DUPC 20.3592 17.5425 2.0075 0
3743DUPC 15.7433 19.2067 1.22167 0
3744DUPC 4.2175 0.639167 2.36 0
3745DUPC 15.9658 0.255833 1.52667 0
3746DUPC 3.8525 20.545 2.64167 0
3747DUPC 18.8108 4.31 2.56583 0
3748DUPC 7.86083 3.335 2.19 0
3749DUPC 10.79 3.89917 1.84583 0
3750DUPC 11.8475 20.12 1.39917 0
3751DUPC 8.20833 4.9775 2.5075 0
3752DUPC 18.6458 3.20583 2.59333 0
3753DUPC 13.5908 5.95667 2.51417 0
3754DUPC 3.85583 1.91167 2.58333 0
3755DUPC 9.11583 5.92083 2.7825 0
3756DUPC 8.98417 2.87083 1.59333 0
3757DUPC 13.0017 11.8375 2.69833 0
3758DUPC 11.2058 2.14083 1.24083 0
3759DUPC 4.7525 2.4625 2.33333 0
3760DUPC 13.5092 0.6825 1.2625 0
3761DUPC 17.3442 1.63833 2.13667 0
3762DUPC 13.2533 5.095 1.97667 0
3763DUPC 18.4592 6.51333 2.54 0
3764DUPC 16.3258 20.52 1.8625 0
3765DUPC 15.335 9.14583 3.0375 0
3766DUPC 18.5075 21.065 1.7425 0
3767DUPC 11.6575 19.6342 1.12417 0
3768DUPC 10.355 21.0333 1.44667 0
3769DUPC 9.1075 4.715 1.91667 0
3770DUPC 0.4675 3.44917 2.89833 0
3771DUPC 0.545 1.5525 0.859167 0
3772DUPC 0.6225 7.5225 2.555 0
3773DUPC 0.56 3.01833 2.74417 0
3774DUPC 0.601667 0.743333 2.42583 0
3775DUPC 0.615 8.73667 2.59583 0
3776DUPC 0.2325 4.495 3.02917 0
3777DUPC 0.389167 3.0375 2.46917 0
3778DUPC 0.541667 21.3683 1.48333 0
3779DUPC 0.514167 2.00417 2.3975 0
3780DUPC 0.616667 20.7925 1.36 0
3781DUPC 0.49 19.5475 1.7025 0
3782DUPC 0.4175 2.38667 1.92917 0
3783DUPC 0.486667 20.2017 1.78667 0
3784DUPC 0.553333 6.97083 2.81833 0
3785DUPC 0.564167 3.26 2.75333 0
3786DUPC 0.694167 4.08167 1.73 0
3787DUPC 0.573333 2.06 2.0975 0
3788DUPC 0.363333 2.94417 2.48583 0
3789DUPC 0.601667 5.29333 2.7925 0
3790DUPC 0.549167 4.68083 2.585 0
3791DUPC 0.6375 11.8808 2.3075 0
3792DUPC 0.616667 1.76583 1.38167 0
3793DUPC 0.354167 3.87 1.69167 0
3794DUPC 0.386667 20.8275 1.73417 0
3795DUPC 0.669167 20.7083 1.1175 0
3796DUPC 0.475 21.0142 1.305 0
3797DUPC 0.553333 3.56167 2.4575 0
3798DUPC 0.495 19.9875 2.19667 0
3799DUPC 0.441667 0.160833 1.5825 0
3800DUPC 0.274167 19.5117 1.91667 0
3801DUPC 0.583333 9.9225 2.58583 0
3802DUPC 0.485833 4.28917 2.46583 0
3803DUPC 0.466667 7.6525 3.05667 0
3804DUPC 0.635833 3.67083 2.71167 0
3805DUPC 0.4975 19.9375 2.08667 0
3806DUPC 0.4125 3.56667 2.49333 0
3807DUPC 0.43 20.1392 1.1375 0
3808DPPC 0.4025 14.86 4.98917 1
3809DPPC 0.395833 17.7283 4.15917 1
3810DPPC 0.559167 10.4075 5.36917 1
3811DPPC 0.255 12.6217 5.29667 1
3812DPPC 0.5925 12.8958 4.89583 1
3813DPPC 0.513333 14.0425 5.20833 1
3814DPPC 0.745833 20.8942 4.08083 1
3815DPPC 0.475 13.68 4.82083 1
3816DPPC 0.6525 14.7358 4.67833 1
3817DPPC 0.505 19.0025 4.90083 1
3818DPPC 0.6 13.3442 4.94083 1
3819DPPC 0.594167 15.6208 4.59083 1
3820DPPC 0.438333 14.7958 5.32833 1
3821DPPC 0.336667 2.65667 3.63083 0
3822DPPC 0.513333 17.7717 4.7675 1
3823DPPC 0.459167 15.9342 5.19917 1
3824DPPC 0.544167 12.1625 4.83333 1
3825DPPC 0.440833 8.045 5.43333 1
3826DPPC 0.6325 11.755 5.33 1
3827DPPC 0.280833 11.2383 5.18833 1
3828DPPC 0.388333 17.6992 4.10333 1
3829DPPC 0.3325 19.7117 4.075 1
3830DPPC 0.563333 15.2675 4.99333 1
3831DPPC 0.413333 11.5967 5.2225 1
3832DPPC 0.700833 20.4175 4.3275 1
3833DPPC 0.400833 11.5967 5.395 1
3834DPPC 0.485 9.19 5.09333 1
3835DPPC 0.603333 20.185 4.7725 1
3836DPPC 0.705 0.180833 4.2825 1
3837DPPC 0.49 1.6075 4.3875 1
3838DPPC 0.56 5.76167 4.5125 1
3839DPPC 0.495 13.5475 5.165 1
3840DPPC 0.649167 16.19 4.87167 1
3841DPPC 0.296667 17.43 4.15167 1
3842DPPC 0.445 20.3758 3.84833 0
3843DPPC 0.391667 12.6067 4.87333 1
3844DPPC 0.444167 8.3575 5.21667 1
3845DPPC 0.6375 12.5667 4.91 1
3846DPPC 0.409167 16.2817 4.88333 1
3847DPPC 0.569167 14.4283 5.23833 1
3848DPPC 0.605833 1.79333 3.8575 0
3849DPPC 0.294167 13.3642 4.89417 1
3850DPPC 0.736667 20.6008 3.55333 0
3851DPPC 0.5575 0.678333 3.5525 0
3852DPPC 0.475 16.6033 4.8525 1
3853DPPC 0.6725 13.3783 4.86167 1
3854DPPC 0.476667 18.8333 3.98167 1
3855DPPC 0.439167 19.8083 4.19333 1
3856DPPC 0.653333 11.2208 4.94 1
3857DPPC 0.221667 20.9883 3.7625 0
3858DPPC 0.516667 18.0492 4.48917 1
3859DPPC 0.475 16.6625 4.58083 1
3860DPPC 0.410833 2.99 3.53167 0
3861DPPC 0.5025 15.5567 4.81417 1
3862DPPC 0.531667 10.7708 5.08417 1
3863DPPC 0.5625 12.8025 4.92667 1
3864DPPC 0.514167 16.0508 4.79083 1
3865DPPC 0.391667 14.1875 4.90333 1
3866DPPC 0.326667 9.69083 5.13417 1
3867DPPC 0.779167 17.6942 4.80167 1
3868DPPC 0.559167 1.175 3.57083 0
3869DPPC 0.391667 20.0125 4.08833 1
3870DPPC 0.7075 20.1067 3.5875 0
3871DPPC 0.530833 20.9917 4.50083 1
3872DPPC 0.46 19.3667 4.19667 1
3873DPPC 0.368333 16.3508 4.975 1
3874DPPC 0.4875 17.8117 4.43833 1
3875DPPC 0.4575 11.3925 4.97917 1
3876DPPC 0.305 11.5617 4.8425 1
3877DPPC 0.426667 13.0925 4.96 1
3878DPPC 0.390833 14.1525 4.9225 1
3879DPPC 0.425833 11.825 4.95333 1
3880DPPC 0.510833 16.1225 4.66667 1
3881DPPC 0.524167 13.0225 5.55917 1
3882DPPC 0.621667 15.2867 4.7175 1
3883DPPC 0.33 0.518333 3.5625 0
3884DPPC 0.281667 16.5083 4.5175 1
3885DPPC 0.349167 4.75667 4.3575 1
3886DPPC 0.420833 21.8042 3.6125 0
3887DPPC 0.375833 8.71833 5.205 1
3888DPPC 0.476667 19.1633 3.97333 1
3889DPPC 0.544167 12.5692 5.27167 1
3890DPPC 0.429167 18.3667 4.4375 1
3891DPPC 0.495833 17.15 4.79333 1
3892DPPC 0.453333 10.7275 5.1475 1
3893DPPC 0.496667 17.4592 4.46417 1
3894DPPC 0.72 12.2767 5.28917 1
3895DPPC 0.575833 12.3042 5.39 1
3896DPPC 0.4625 14.7875 5.02333 1
3897DPPC 0.403333 10.4117 5.51 1
3898DPPC 0.3675 13.6142 4.92 1
3899DPPC 0.505 18.5475 4.3175 1
3900DPPC 0.363333 15.2983 4.6025 1
3901DPPC 0.338333 15.4842 4.4825 1
3902DPPC 0.4375 18.3483 4.22083 1
3903DPPC 0.585 18.48 4.74083 1
3904DPPC 0.5975 19.015 5.01 1
3905DPPC 0.530833 16.7433 4.71833 1
3906DPPC 0.539167 4.705 4.10333 1
3907DPPC 0.405833 21.3375 4.12 1
3908DPPC 0.2375 12.11 5.08167 1
3909DPPC 0.665833 3.54583 3.81 0
3910DPPC 0.345833 14.0767 4.77 1
3911DPPC 0.368333 15.8467 4.53083 1
3912DUPC 0.464167 0.330833 4.13083 1
3913DUPC 0.5025 5.7625 4.48917 1
3914DUPC 0.3475 1.2125 4.5525 1
3915DUPC 0.429167 7.51 5.04833 1
3916DUPC 0.42 7.05667 4.73833 1
3917DUPC 0.491667 4.22917 4.5575 1
3918DUPC 0.418333 6.09917 5.22333 1
3919DUPC 0.429167 1.69417 4.0275 1
3920DUPC 0.480833 0.7625 3.8825 1
3921DUPC 0.675 8.6975 5.35667 1
3922DUPC 0.550833 3.4675 5.36417 1
3923DUPC 0.450833 6.9775 5.09333 1
3924DUPC 0.475 2.09333 4.48167 1
3925DUPC 0.403333 2.475 4.79667 1
3926DUPC 0.524167 0.625 4.5125 1
3927DUPC 0.348333 4.1525 5.0275 1
3928DUPC 0.594167 6.23 5.41667 1
3929DUPC 0.516667 6.835 4.53 1
3930DUPC 0.41 8.59583 5.35167 1
3931DUPC 0.534167 10.9667 5.08167 1
3932DUPC 0.5525 0.4825 4.64917 1
3933DUPC 0.470833 3.92417 4.95667 1
3934DUPC 0.391667 2.68667 4.665 1
3935DUPC 0.556667 6.84417 4.77167 1
3936DUPC 0.401667 5.24583 5.06417 1
3937DUPC 0.443333 5.33833 5.27583 1
3938DUPC 0.501667 1.28 4.6425 1
3939DUPC 0.395833 4.77833 4.875 1
3940DUPC 0.365833 4.69167 4.99667 1
3941DUPC 0.405833 7.87667 4.88083 1
3942DUPC 0.5775 9.74167 5.27417 1
3943DUPC 0.580833 21.515 3.695 0
3944DUPC 0.3975 4.43167 4.92833 1
3945DUPC 0.33 3.09917 4.65083 1
3946DUPC 0.389167 6.19083 4.37833 1
3947DUPC 0.5475 1.69917 4.41417 1
3948DUPC 0.595 7.61333 5.33083 1
3949DUPC 0.2425 2.8575 4.0625 1
3950DUPC 0.421667 2.78667 4.82583 1
3951DUPC 0.4625 7.9125 5.2225 1
3952DUPC 0.5075 5.70083 5.26833 1
3953DUPC 0.4325 5.27917 5.14667 1
3954DUPC 0.4675 4.51583 4.5275 1
3955DUPC 0.43 5.32667 4.66667 1
3956DUPC 0.3 7.56083 5.27333 1
3957DUPC 0.263333 2.56667 4.49333 1
3958DUPC 0.598333 6.68667 4.7625 1
3959DUPC 0.516667 10.225 5.29083 1
3960DUPC 0.515833 6.19583 5.34083 1
3961DUPC 0.384167 5.42167 4.54833 1
3962DUPC 0.398333 21.7458 4.66917 1
3963DUPC 0.623333 9.46167 4.955 1
3964DUPC 0.461667 1.97333 4.72583 1
3965DUPC 0.451667 1.295 4.67 1
3966DUPC 0.556667 1.49583 3.54417 0
3967DUPC 0.695 5.65583 5.18417 1
3968DUPC 0.545833 6.60167 5.35 1
3969DUPC 0.494167 2.585 4.69167 1
3970DUPC 0.490833 3.95917 4.33 1
3971DUPC 0.550833 7.29583 4.74917 1
3972DUPC 0.674167 5.89083 4.52167 1
3973DUPC 0.4525 8.3325 5.11083 1
3974DUPC 0.469167 3.70917 4.825 1
3975DUPC 0.4125 1.77833 4.55833 1
3976DUPC 0.4825 8.45833 5.10667 1
3977DUPC 0.539167 2.5825 5.04 1
3978DUPC 0.594167 4.59583 5.1275 1
7129CHOL 0.4875 0.55875 3.96625 1
7130CHOL 0.66125 9.7275 4.96 1
7131CHOL 0.615 18.9062 2.5625 0
7132CHOL 0.555 17.775 2.3075 0
7133CHOL 0.64625 7.16125 2.69 0
7134CHOL 0.42375 18.2013 2.3175 0
7135CHOL 0.67125 16.7213 4.35375 1
7136CHOL 0.185 14.9937 4.86375 1
7137CHOL 0.735 13.0212 2.41625 0
7138CHOL 0.615 13.9375 2.53 0
7139CHOL 0.66625 6.5975 3.4375 0
7140CHOL 0.6425 10.0212 3.13 0
7141CHOL 0.59 15.27 2.385 0
7142CHOL 0.565 13.5812 2.93375 0
7143CHOL 0.8275 12.4862 2.75875 0
7144CHOL 0.25 11.7762 4.78875 1
7145CHOL 0.53125 16.8538 2.4325 0
7146CHOL 0.66 4.61875 4.38375 1
7147CHOL 0.72 10.5475 2.8425 0
7148CHOL 0.80125 12.2275 5.17875 1
7149CHOL 0.71125 19.3912 4.48125 1
7150CHOL 0.4775 7.11875 4.46125 1
7151CHOL 0.14125 15.5275 4.8025 1
7152CHOL 0.4875 12.285 2.81125 0
7153CHOL 0.1425 15.4187 5.22625 1
7154CHOL 0.5125 17.73 2.06875 0
7155CHOL 0.505 11.45 5.14625 1
7156CHOL 0.73375 21.8175 4.075 1
7157CHOL 0.60375 20.3237 4.65875 1
7158CHOL 0.10375 19.9388 4.5975 1
7159CHOL 0.54125 6.54625 4.80875 1
7160CHOL 0.11375 18.9813 2.63 0
7161CHOL 0.49625 21.5938 3.22625 0
7162CHOL 0.3675 18.5487 2.645 0
7163CHOL 0.33125 5.51375 4.75 1
7164CHOL 0.41125 10.4563 5.01625 1
7165CHOL 0.23125 9.24375 4.66625 1
7166CHOL 0.27 6.2525 2.54125 0
7167CHOL 0.15 15.3775 2.535 0
7168CHOL 0.67875 11.0037 3.1025 0
7169CHOL 0.505 6.64375 3.76375 0
7170CHOL 0.5675 7.61625 4.7075 1
7171CHOL 0.55875 11.7262 4.955 1
7172CHOL 0.26375 8.39 3.30625 0
7173CHOL 0.4675 11.1375 5.24625 1
7174CHOL 0.5525 5.63625 4.47625 1
7175CHOL 0.585 7.54 3.04125 0
7176CHOL 0.1325 20.1125 3.635 0
7177CHOL 0.69375 16.01 4.68125 1
7178CHOL 0.39125 12.4887 4.9575 1
7179CHOL 0.74625 18.8213 4.37125 1
7180CHOL 0.60625 7.31875 3.08875 0
7181CHOL 0.30375 8.31 3.4675 0
7182CHOL 0.19125 7.14875 3.275 0
7183CHOL 0.70125 14.2688 3.0325 0
7184CHOL 0.47875 10.8612 4.98375 1
7185CHOL 0.24875 6.57125 3.1225 0
7186CHOL 0.445 13.1262 4.57125 1
7187CHOL 0.575 14.9037 4.8 1
7188CHOL 0.27 19.7475 1.98 0
7189CHOL 0.54875 19.8787 4.79375 1
7190CHOL 0.6475 6.56 3.12 0
7191CHOL 0.4675 7.11875 4.6525 1
7192CHOL 0.4325 12.4388 5.0325 1
7193CHOL 0.385 12.1325 5.10875 1
7194CHOL 0.145 17.3213 4.4775 1
7195CHOL 0.47125 21.0662 4.06 1
7196CHOL 0.4 7.455 3.06375 0
7197CHOL 0.5975 4.1575 2.84625 0
7198CHOL 0.27875 3.3925 3.90125 1
7199CHOL 0.49875 14.165 5.08375 1
7200CHOL 0.64 19.5238 4.075 1
7201CHOL 0.595 15.75 4.66625 1
7202CHOL 0.47875 13.235 2.63125 0
7203CHOL 0.39375 17.5238 2.0975 0
7204CHOL 0.585 7.285 3.00625 0
7205CHOL 0.19875 17.5312 2.34125 0
7206CHOL 0.22625 5.865 3.15875 0
7207CHOL 0.435 11.8725 5.29875 1
7208CHOL 0.50125 3.545 3.665 0
7209CHOL 0.625 15.1625 4.61 1
7210CHOL 0.51125 2.82125 3.3675 0
7211CHOL 0.71125 15.84 2.17 0
7212CHOL 0.64625 18.9862 2.00875 0
7213CHOL 0.61125 9.09 3.27 0
7214CHOL 0.49875 19.4263 2.71 0
7215CHOL 0.69625 16.5287 4.40625 1
7216CHOL 0.60125 17.7862 4.405 1
7217CHOL 0.91 13.0787 4.84375 1
7218CHOL 0.3425 18.0175 2.4425 0
7219CHOL 0.6175 18.9775 2.42 0
7220CHOL 0.5225 16.8675 2.335 0
7221CHOL 0.62375 15.3575 2.63 0
7222CHOL 0.4025 15.2775 2.425 0
7223CHOL 0.34875 13.0575 2.8125 0
7224CHOL 0.75 13.2637 5.4425 1
7225CHOL 0.17 15.985 4.44125 1
7226CHOL 0.34625 11.8775 4.94 1
7227CHOL 0.44375 15.8513 2.6325 0
7228CHOL 0.5775 14.7213 4.5825 1
7229CHOL 0.26625 17.9975 3.945 1
7230CHOL 0.25875 15.0413 2.535 0
7231CHOL 0.2175 18.5212 2.0025 0
7232CHOL 0.325 16.3775 4.68375 1
7233CHOL 0.7125 16.21 2.365 0
7234CHOL 0.47375 13.0363 5.01875 1
7235CHOL 0.29875 12.1613 4.485 1
7236CHOL 0.68125 11.95 2.76 0
7237CHOL 0.705 13.8425 4.69 1
7238CHOL 0.7675 12.7225 2.8275 0
7239CHOL 0.64375 19.03 2.07875 0
7240CHOL 0.46875 9.19 2.8275 0
7241CHOL 0.595 15.6712 4.67625 1
7242CHOL 0.5725 14.4038 3.04 0
7243CHOL 0.7475 20.7537 3.56375 0
7244CHOL 0.49125 14.0338 5.08125 1
7245CHOL 0.61375 16.345 4.255 1
7246CHOL 0.25125 8.76 5.2225 1
7247CHOL 0.50625 14.5075 2.60125 0
7248CHOL 0.16375 3.7075 3.33 0
7249CHOL 0.5975 6.7375 3.51375 0
7250CHOL 0.755 18.8525 1.56125 0
7251CHOL 0.155 15.27 2.4075 0
7252CHOL 0.8075 13.4962 5.22125 1
7253CHOL 0.71 2.75375 1.96875 0
7254CHOL 0.6975 17.305 3.895 1
7255CHOL 0.34125 13.715 4.8075 1
7256CHOL 0.73125 15.605 2.09375 0
7257CHOL 0.4575 17.4137 2.5825 0
7258CHOL 0.5 14.3313 2.79375 0
7259CHOL 0.355 14.5462 4.7 1
7260CHOL 0.36375 20.4813 1.9725 0
7261CHOL 0.595 11.5137 2.7525 0
7262CHOL 0.6175 9.55875 5.04875 1
7263CHOL 0.57 8.35 3.09625 0
7264CHOL 0.315 4.4475 2.96375 0
7265CHOL 0.32 19.8387 4.52375 1
7266CHOL 0.315 20.4562 2.59 0
7267CHOL 0.73125 9.31125 4.9225 1
7268CHOL 0.27875 16.2087 4.485 1
7269CHOL 0.8125 13.1837 2.93 0
7270CHOL 0.29625 11.3263 4.505 1
7271CHOL 0.70625 12.9462 4.74125 1
7272CHOL 0.31 0.80125 4.2975 1
7273DPPC 0.535 18.16 2.15833 0
7274DPPC 0.4125 21.6192 2.70417 0
7275DPPC 0.323333 18.8317 2.09667 0
7276DPPC 0.429167 14.1733 2.515 0
7277DPPC 0.435 10.1992 2.55333 0
7278DPPC 0.489167 10.5917 2.90667 0
7279DPPC 0.5075 12.7383 3.00333 0
7280DPPC 0.375833 15.7725 2.41333 0
7281DPPC 0.34 10.6667 2.93 0
7282DPPC 0.4075 12.9375 2.57583 0
7283DPPC 0.496667 19.5833 2.00417 0
7284DPPC 0.3675 9.905 2.74167 0
7285DPPC 0.553333 17.845 1.85583 0
7286DPPC 0.5675 6.03333 3.00667 0
7287DPPC 0.4175 12.4325 3.1075 0
7288DPPC 0.375 12.1542 2.69833 0
7289DPPC 0.490833 9.79083 2.6125 0
7290DPPC 0.379167 13.8542 2.55583 0
7291DPPC 0.5875 11.9067 2.9125 0
7292DPPC 0.566667 8.71083 2.96333 0
7293DPPC 0.686667 14.7817 2.77 0
7294DPPC 0.7025 7.95167 2.95667 0
7295DPPC 0.505833 6.76667 3.01583 0
7296DPPC 0.47 8.31667 2.91583 0
7297DPPC 0.373333 8.75583 2.87583 0
7298DPPC 0.308333 16.9667 2.17083 0
7299DPPC 0.536667 6.68833 3.09417 0
7300DPPC 0.4725 17.2317 2.0875 0
7301DPPC 0.376667 16.0967 2.43583 0
7302DPPC 0.325833 13.6642 2.4675 0
7303DPPC 0.513333 14.8625 2.44417 0
7304DPPC 0.805 11.335 2.55583 0
7305DPPC 0.343333 18.5692 1.71583 0
7306DPPC 0.575 16.7408 2.2475 0
7307DPPC 0.424167 7.24667 2.81583 0
7308DPPC 0.378333 16.9967 2.36167 0
7309DPPC 0.535833 21.0308 1.69583 0
7310DPPC 0.574167 18.3917 1.57083 0
7311DPPC 0.505833 11.37 2.72833 0
7312DPPC 0.379167 16.49 2.16417 0
7313DPPC 0.633333 10.9858 2.9875 0
7314DPPC 0.681667 10.4783 2.92 0
7315DPPC 0.598333 17.7642 2.00583 0
7316DPPC 0.496667 13.6825 2.57667 0
7317DPPC 0.495 0.170833 2.195 0
7318DPPC 0.5875 5.425 2.85667 0
7319DPPC 0.489167 19.925 2.26417 0
7320DPPC 0.495833 17.6658 2.02417 0
7321DPPC 0.336667 19.0467 1.90583 0
7322DPPC 0.493333 17.3417 2.38667 0
7323DPPC 0.564167 20.9792 2.4725 0
7324DPPC 0.57 14.1467 2.31167 0
7325DPPC 0.354167 12.9733 2.63833 0
7326DPPC 0.458333 13.4508 2.6425 0
7327DPPC 0.573333 18.4483 2.20083 0
7328DPPC 0.4475 9.94083 2.82083 0
7329DPPC 0.569167 13.665 2.46 0
7330DPPC 0.3525 19.4167 1.33167 0
7331DPPC 0.468333 19.8458 2.4175 0
7332DPPC 0.490833 11.95 2.59 0
7333DPPC 0.681667 14.9033 2.2575 0
7334DPPC 0.416667 12.9483 2.76417 0
7335DPPC 0.4175 12.34 2.62333 0
7336DPPC 0.671667 7.34417 3.07333 0
7337DPPC 0.494167 14.5583 2.48417 0
7338DPPC 0.631667 9.42333 2.86083 0
7339DPPC 0.565833 3.08833 1.685 0
7340DPPC 0.460833 13.6658 2.34833 0
7341DPPC 0.605833 19.7725 1.915 0
7342DPPC 0.645833 14.9925 2.17083 0
7343DPPC 0.270833 8.84167 3.20417 0
7344DPPC 0.3875 14.0967 2.67 0
7345DPPC 0.4675 7.04667 2.97333 0
7346DPPC 0.5325 14.44 2.4075 0
7347DPPC 0.3825 10.3892 2.9075 0
7348DPPC 0.440833 14.7067 2.13583 0
7349DPPC 0.433333 12.8158 2.725 0
7350DPPC 0.548333 12.4775 2.84417 0
7351DPPC 0.684167 14.0992 2.36833 0
7352DPPC 0.556667 12.5958 2.60833 0
7353DPPC 0.383333 11.3975 2.8 0
7354DPPC 0.57 13.2925 2.27 0
7355DPPC 0.525833 7.28333 2.8675 0
7356DPPC 0.765 16.2475 2.40167 0
7357DPPC 0.513333 16.5892 2.16333 0
7358DPPC 0.576667 12.5258 2.585 0
7359DPPC 0.418333 16.1658 2.05917 0
7360DPPC 0.485 9.44667 2.82833 0
7361DPPC 0.4425 9.34917 2.97917 0
7362DPPC 0.4425 7.7175 2.73917 0
7363DPPC 0.210833 13.8217 2.64167 0
7364DPPC 0.5275 20.9217 2.18083 0
7365DPPC 0.404167 9.85333 2.76917 0
7366DPPC 0.393333 9.50417 3.16 0
7367DPPC 0.391667 18.7058 2.31833 0
7368DPPC 0.588333 12.8425 2.48167 0
7369DPPC 0.370833 6.82333 2.94833 0
7370DPPC 0.685833 5.34167 2.8075 0
7371DPPC 0.59 18.1158 1.96833 0
7372DPPC 0.446667 9.65667 2.8925 0
7373DPPC 0.608333 11.5558 2.69083 0
7374DPPC 0.5275 6.955 2.64667 0
7375DPPC 0.63 10.6225 2.6425 0
7376DUPC 0.776667 2.08583 1.21167 0
7377DUPC 0.37 5.54583 2.32667 0
7378DUPC 0.451667 4.70917 2.82333 0
7379DUPC 0.448333 3.53917 2.5225 0
7380DUPC 0.4775 2.485 1.87417 0
7381DUPC 0.379167 1.01167 1.97333 0
7382DUPC 0.355 3.46333 1.5975 0
7383DUPC 0.490833 20.05 1.71833 0
7384DUPC 0.635833 3.725 2.53833 0
7385DUPC 0.365833 6.15333 2.58417 0
7386DUPC 0.56 1.02583 1.90417 0
7387DUPC 0.499167 1.50333 1.31083 0
7388DUPC 0.323333 20.28 2.54917 0
7389DUPC 0.4225 3.84583 2.455 0
7390DUPC 0.428333 2.41917 2.51 0
7391DUPC 0.446667 4.17917 2.12083 0
7392DUPC 0.429167 1.96917 2.18667 0
7393DUPC 0.471667 0.385 1.92917 0
7394DUPC 0.438333 2.93583 1.40417 0
7395DUPC 0.509167 4.85917 2.11833 0
7396DUPC 0.556667 21.7033 1.31667 0
7397DUPC 0.563333 1.765 1.06833 0
7398DUPC 0.4125 2.13917 1.2825 0
7399DUPC 0.413333 1.6025 2.50833 0
7400DUPC 0.565 0.889167 1.535 0
7401DUPC 0.361667 5.7075 2.65583 0
7402DUPC 0.544167 5.0525 2.97333 0
7403DUPC 0.646667 1.71417 1.95833 0
7404DUPC 0.5575 2.16833 2.0225 0
7405DUPC 0.618333 10.0325 2.89083 0
7406DUPC 0.320833 0.973333 1.63833 0
7407DUPC 0.475833 7.80167 2.8125 0
7408DUPC 0.764167 20.735 1.67667 0
7409DUPC 0.610833 19.7608 2.34 0
7410DUPC 0.554167 9.83167 3.02667 0
7411DUPC 0.46 21.6842 2.37333 0
7412DUPC 0.445833 2.26667 2.22833 0
7413DUPC 0.483333 7.76833 2.37667 0
7414DUPC 0.4725 3.58167 1.64417 0
7415DUPC 0.478333 2.18667 1.35417 0
7416DUPC 0.509167 1.325 2.1175 0
7417DUPC 0.428333 4.295 2.875 0
7418DUPC 0.46 21.7242 1.0675 0
7419DUPC 0.451667 1.485 2.20083 0
7420DUPC 0.538333 5.78917 2.03167 0
7421DUPC 0.549167 8.47833 2.96667 0
7422DUPC 0.416667 2.65917 1.55167 0
7423DUPC 0.486667 20.9883 1.6525 0
7424DUPC 0.414167 1.84917 2.32 0
7425DUPC 0.401667 1.04583 2.29667 0
7426DUPC 0.4075 21.13 2.47167 0
7427DUPC 0.694167 3.23833 2.7725 0
7428DUPC 0.391667 20.925 1.49167 0
7429DUPC 0.530833 21.1117 1.68917 0
7430DUPC 0.219167 6.5375 3.04 0
7431DUPC 0.48 5.92083 2.01333 0
7432DUPC 0.450833 9.51417 2.57167 0
7433DUPC 0.500833 3.1 1.4225 0
7434DUPC 0.435833 4.97583 2.95667 0
7435DUPC 0.5275 2.08167 1.325 0
7436DUPC 0.678333 9.10167 2.76833 0
7437DUPC 0.483333 0.3775 1.91167 0
7438DUPC 0.255 1.54917 2.45583 0
7439DUPC 0.3925 1.1025 2.00917 0
7440DUPC 0.401667 21.4167 1.91083 0
7441DUPC 0.541667 0.483333 2.61083 0
7442DUPC 0.470833 21.5825 1.10417 0
7443DUPC 0.413333 10.5683 3.06 0
7444DPPC 0.495833 13.0208 5.31417 1
7445DPPC 0.479167 10.2258 4.93417 1
7446DPPC 0.495 9.87083 5.14833 1
7447DPPC 0.57 1.93833 3.48667 0
7448DPPC 0.456667 10.75 5.31667 1
7449DPPC 0.689167 13.0733 5.31583 1
7450DPPC 0.374167 9.69917 5.58083 1
7451DPPC 0.375 21.4667 4.0375 1
7452DPPC 0.329167 17.7658 4.6 1
7453DPPC 0.339167 8.73 5.155 1
7454DPPC 0.4225 9.205 5.18917 1
7455DPPC 0.48 20.035 4.08 1
7456DPPC 0.483333 16.8408 4.79583 1
7457DPPC 0.67 2.20167 3.43 0
7458DPPC 0.584167 20.85 4.035 1
7459DPPC 0.428333 15.1025 5.11333 1
7460DPPC 0.5425 18.6467 4.1725 1
7461DPPC 0.529167 19.8708 4.76083 1
7462DPPC 0.750833 14.3283 5.1275 1
7463DPPC 0.720833 11.3233 5.05333 1
7464DPPC 0.405 12.1725 5.23667 1
7465DPPC 0.331667 17.1917 4.68583 1
7466DPPC 0.296667 14.1942 4.77 1
7467DPPC 0.5875 19.1858 3.94583 1
7468DPPC 0.469167 15.4358 4.77333 1
7469DPPC 0.499167 12.7625 5.17 1
7470DPPC 0.516667 14.2583 4.85333 1
7471DPPC 0.590833 16.2783 4.68917 1
7472DPPC 0.4775 15.7033 4.5075 1
7473DPPC 0.4825 16.91 4.715 1
7474DPPC 0.445 15.8942 4.85667 1
7475DPPC 0.5125 2.38833 4.49333 1
7476DPPC 0.286667 0.355 3.99167 1
7477DPPC 0.396667 20.3217 4.60333 1
7478DPPC 0.605833 16.1708 4.83417 1
7479DPPC 0.545 12.7333 4.77917 1
7480DPPC 0.781667 14.8917 4.66667 1
7481DPPC 0.468333 9.345 5.42167 1
7482DPPC 0.546667 11.445 4.95667 1
7483DPPC 0.718333 13.0292 5.03583 1
7484DPPC 0.4575 0.2325 3.4625 0
7485DPPC 0.470833 13.305 5.16667 1
7486DPPC 0.448333 19.2033 4.50667 1
7487DPPC 0.519167 6.33167 4.70167 1
7488DPPC 0.493333 0.323333 3.73833 0
7489DPPC 0.635 18.4583 4.54417 1
7490DPPC 0.520833 11.0808 5.02583 1
7491DPPC 0.229167 16.8558 5.08333 1
7492DPPC 0.504167 16.5442 4.5975 1
7493DPPC 0.399167 21.0308 4.4725 1
7494DPPC 0.445 17.7467 4.67583 1
7495DPPC 0.506667 14.2725 5.335 1
7496DPPC 0.696667 10.82 5.00917 1
7497DPPC 0.541667 10.4375 5.155 1
7498DPPC 0.586667 3.18 4.325 1
7499DPPC 0.588333 16.4167 4.6 1
7500DPPC 0.575 11.1025 5.37917 1
7501DPPC 0.305 8.62083 4.94083 1
7502DPPC 0.493333 18.6758 4.835 1
7503DPPC 0.373333 9.04083 5.11333 1
7504DPPC 0.3675 18.925 4.8575 1
7505DPPC 0.400833 15.25 5.24917 1
7506DPPC 0.4475 12.2083 5.37667 1
7507DPPC 0.3775 16.32 5.08417 1
7508DPPC 0.421667 15.2108 4.89083 1
7509DPPC 0.655 8.4175 5.345 1
7510DPPC 0.8 13.9325 4.82333 1
7511DPPC 0.34 21.5933 4.20917 1
7512DPPC 0.534167 10.6542 5.48667 1
7513DPPC 0.519167 20.7125 3.50167 0
7514DPPC 0.543333 3.53667 3.5325 0
7515DPPC 0.496667 20.0583 4.50417 1
7516DPPC 0.605 19.2942 4.24917 1
7517DPPC 0.4775 12.5467 5.58417 1
7518DPPC 0.635833 1.91 3.37167 0
7519DPPC 0.395 21.5025 3.695 0
7520DPPC 0.658333 21.6242 3.5975 0
7521DPPC 0.625 13.5308 5.16 1
7522DPPC 0.363333 16.8075 4.345 1
7523DPPC 0.4625 1.74333 4.61417 1
7524DPPC 0.529167 17.0367 4.62 1
7525DPPC 0.595833 13.6108 5.21417 1
7526DPPC 0.4325 0.0491667 4.50667 1
7527DPPC 0.750833 10.265 5.16167 1
7528DPPC 0.599167 9.95167 5.19167 1
7529DPPC 0.389167 11.4075 5.01 1
7530DPPC 0.478333 17.8233 4.65167 1
7531DPPC 0.598333 10.4842 5.11833 1
7532DPPC 0.513333 12.1733 5.3825 1
7533DPPC 0.510833 19.1342 4.1375 1
7534DPPC 0.489167 10.5533 5.38167 1
7535DPPC 0.365833 14.5008 4.8925 1
7536DPPC 0.483333 18.7783 4.615 1
7537DPPC 0.521667 4.1975 3.91333 1
7538DPPC 0.5 20.3408 3.675 0
7539DPPC 0.5925 10.1 5.34167 1
7540DPPC 0.301667 16.7725 4.9725 1
7541DPPC 0.7475 3.26917 4.0525 1
7542DPPC 0.2425 19.1642 4.71 1
7543DPPC 0.485833 18.2583 4.2875 1
7544DPPC 0.503333 7.62083 5.29833 1
7545DPPC 0.5825 17.8083 4.88 1
7546DPPC 0.699167 11.2925 5.17333 1
7547DPPC 0.3675 15.7217 4.78583 1
7548DUPC 0.5125 5.47 5.1275 1
7549DUPC 0.615 6.42833 5.49667 1
7550DUPC 0.476667 2.45167 4.17167 1
7551DUPC 0.450833 7.84417 5.41583 1
7552DUPC 0.336667 6.50417 5.42417 1
7553DUPC 0.386667 3.77083 4.78917 1
7554DUPC 0.4675 0.893333 3.67833 0
7555DUPC 0.440833 9.47167 5.25417 1
7556DUPC 0.344167 5.6075 4.5275 1
7557DUPC 0.519167 2.22333 4.46417 1
7558DUPC 0.54 5.45167 5.36083 1
7559DUPC 0.2375 5.81167 5.30833 1
7560DUPC 0.4575 2.25083 3.0625 0
7561DUPC 0.376667 9.83 5.30833 1
7562DUPC 0.258333 8.27917 4.88083 1
7563DUPC 0.559167 21.7517 4.49417 1
7564DUPC 0.455833 7.445 5.26583 1
7565DUPC 0.5075 7.5225 5.6875 1
7566DUPC 0.416667 3.06167 4.59417 1
7567DUPC 0.48 2.4475 4.44833 1
7568DUPC 0.606667 3.59667 4.28417 1
7569DUPC 0.455833 1.22 4.06917 1
7570DUPC 0.6875 6.8175 5.31333 1
7571DUPC 0.544167 3.61667 4.875 1
7572DUPC 0.638333 7.23167 5.47083 1
7573DUPC 0.649167 11.7733 5.83333 1
7574DUPC 0.528333 4.96417 5.2875 1
7575DUPC 0.56 10.0725 5.46583 1
7576DUPC 0.4525 2.44333 3.72333 0
7577DUPC 0.41 4.23417 4.53167 1
7578DUPC 0.5875 5.8675 4.72333 1
7579DUPC 0.624167 8.8275 5.29417 1
7580DUPC 0.604167 9.67667 5.37583 1
7581DUPC 0.515833 7.0275 5.355 1
7582DUPC 0.356667 4.64667 5.21583 1
7583DUPC 0.4 4.89167 4.5825 1
7584DUPC 0.2675 20.6367 4.4325 1
7585DUPC 0.48 6.47167 5.46583 1
7586DUPC 0.350833 4.15417 4.80167 1
7587DUPC 0.544167 6.38167 4.78917 1
7588DUPC 0.546667 4.47833 4.225 1
7589DUPC 0.4675 0.0133333 4.79667 1
7590DUPC 0.4725 7.14417 5.36167 1
7591DUPC 0.279167 19.2167 4.6225 1
7592DUPC 0.545833 4.18417 4.5725 1
7593DUPC 0.415 1.58 4.04917 1
7594DUPC 0.623333 8.615 4.99917 1
7595DUPC 0.571667 1.73333 4.47917 1
7596DUPC 0.661667 8.27917 5.62333 1
7597DUPC 0.4675 10.8317 5.385 1
7598DUPC 0.475833 4.90333 4.98333 1
7599DUPC 0.6775 19.7058 4.58583 1
7600DUPC 0.590833 0.49 4.64167 1
7601DUPC 0.385833 0.8925 4.38917 1
7602DUPC 0.4925 10.4183 5.41667 1
7603DUPC 0.565833 3.77667 4.35083 1
7604DUPC 0.571667 3.93167 4.49083 1
7605DUPC 0.544167 0.708333 4.525 1
7606DUPC 0.57 5.4725 4.545 1
7607DUPC 0.479167 6.51083 5.025 1
7608DUPC 0.335 21.5383 4.3025 1
7609DUPC 0.449167 3.84083 4.90583 1
7610DUPC 0.4625 11.2033 5.075 1
7611DUPC 0.470833 1.20333 4.32083 1
7612DUPC 0.345833 20.1733 4.44 1
7613DUPC 0.525 8.08667 5.4625 1
7614DUPC 0.4125 3.27833 3.83583 0
10765CHOL 0.5875 3.08 3.10625 0
10766CHOL 0.5425 18.1337 4.00875 1
10767CHOL 0.27375 13.8225 4.97 1
10768CHOL 0.4175 18.7787 4.57125 1
10769CHOL 0.49375 8.4325 3.22875 0
10770CHOL 0.47 12.2712 4.92625 1
10771CHOL 0.2025 13.4375 2.90125 0
10772CHOL 0.33375 21.2475 2.38125 0
10773CHOL 0.83125 11.39 4.55875 1
10774CHOL 0.465 21.18 4.20125 1
10775CHOL 0.615 14.65 2.11 0
10776CHOL 0.64875 12.1388 3.30625 0
10777CHOL 0.28 1.31125 2.85875 0
10778CHOL 0.495 10.425 5.1225 1
10779CHOL 0.4925 20.8213 1.81 0
10780CHOL 0.71375 16.2537 4.185 1
10781CHOL 0.38 2.21125 3.23 0
10782CHOL 0.62625 16.7025 2.68875 0
10783CHOL 0.25375 20.0487 3.74875 0
10784CHOL 0.77375 4.135 3.8425 0
10785CHOL 0.77125 10.645 2.86625 0
10786CHOL 0.8175 13.61 5.04875 1
10787CHOL 0.68625 7.7025 3.27625 0
10788CHOL 0.515 8.40875 4.4675 1
10789CHOL 0.7125 18.7437 3.985 1
10790CHOL 0.4325 10.3187 3.27625 0
10791CHOL 0.56625 16.6 2.17625 0
10792CHOL 0.4075 18.1413 2.41 0
10793CHOL 0.4825 17.5425 2.5075 0
10794CHOL 0.28375 10.4825 4.9625 1
10795CHOL 0.78375 9.585 5.02 1
10796CHOL 0.37375 21.1675 3.875 1
10797CHOL 0.49875 16.33 2.3425 0
10798CHOL 0.6725 17.2188 3.96 1
10799CHOL 0.635 10.195 3.6625 0
10800CHOL 0.3575 5.4475 3.21125 0
10801CHOL 0.675 6.22625 3.025 0
10802CHOL 0.625 19.3612 2.21125 0
10803CHOL 0.72875 11.3988 3.46375 0
10804CHOL 0.1775 15.2213 2.53875 0
10805CHOL 0.60125 18.0737 2.16125 0
10806CHOL 0.445 10.29 3.00125 0
10807CHOL 0.49375 13.1075 2.6525 0
10808CHOL 0.295 17.4462 4.48 1
10809CHOL 0.495 12.405 2.57375 0
10810CHOL 0.45125 4.2975 4.49125 1
10811CHOL 0.635 18.1313 2.3475 0
10812CHOL 0.3325 9.44875 3.25 0
10813CHOL 0.2675 13.7087 5.1125 1
10814CHOL 0.6575 7.67625 4.9625 1
10815CHOL 0.53375 11.26 4.88875 1
10816CHOL 0.16875 15.9587 4.7825 1
10817CHOL 0.62125 0.29375 3.18625 0
10818CHOL 0.1575 16.8337 4.575 1
10819CHOL 0.46 12.6287 2.66875 0
10820CHOL 0.45625 18.36 2.04125 0
10821CHOL 0.37125 14.8038 4.72625 1
10822CHOL 0.75 17.7412 2.44125 0
10823CHOL 0.345 1.83875 3.435 0
10824CHOL 0.46375 13.7688 5.02125 1
10825CHOL 0.27375 1.2825 3.27625 0
10826CHOL 0.27125 11.885 2.95 0
10827CHOL 0.65625 14.5538 4.55 1
10828CHOL 0.5025 8.20375 4.845 1
10829CHOL 0.7875 19.7025 4.54125 1
10830CHOL 0.47625 12.85 2.50375 0
10831CHOL 0.3425 10.31 2.97 0
10832CHOL 0.2625 8.2025 3.10625 0
10833CHOL 0.70625 4.8975 4.10875 1
10834CHOL 0.3525 6.0875 5.15375 1
10835CHOL 0.45625 10.8287 5.345 1
10836CHOL 0.63 18.4163 4.17625 1
10837CHOL 0.65 5.24625 3.94 1
10838CHOL 0.17375 15.6275 2.4625 0
10839CHOL 0.67375 9.95375 3.19 0
10840CHOL 0.55125 11.2887 3.1225 0
10841CHOL 0.17375 10.7587 4.90125 1
10842CHOL 0.545 10.6213 5.02875 1
10843CHOL 0.60375 3.08625 3.435 0
10844CHOL 0.3075 13.9038 2.845 0
10845CHOL 0.675 9.96625 2.86 0
10846CHOL 0.34 10.9163 3.01625 0
10847CHOL 0.385 7.7675 2.9525 0
10848CHOL 0.56 18.4163 4.34375 1
10849CHOL 0.41375 1.05375 4.04625 1
10850CHOL 0.46875 11.4525 3.125 0
10851CHOL 0.83125 13.565 2.8075 0
10852CHOL 0.345 20.8813 2.02625 0
10853CHOL 0.25 8.6275 5.02 1
10854CHOL 0.7675 17.3312 4.47625 1
10855CHOL 0.3725 8.2625 2.9 0
10856CHOL 0.35875 10.8488 5.16125 1
10857CHOL 0.46125 16.8337 2.4175 0
10858CHOL 0.35 10.62 4.89 1
10859CHOL 0.29625 1.3275 2.43875 0
10860CHOL 0.26625 12.7113 4.92 1
10861CHOL 0.65375 4.19375 3.825 0
10862CHOL 0.2175 12.0563 4.76625 1
10863CHOL 0.32125 2.94875 3.36875 0
10864CHOL 0.49125 0.00875 3.44875 0
10865CHOL 0.235 2.41375 3.565 0
10866CHOL 0.625 9.845 3.08625 0
10867CHOL 0.58375 11.3387 3.005 0
10868CHOL 0.5825 11.295 3.01625 0
10869CHOL 0.38125 4.11625 4.245 1
10870CHOL 0.33 10.8288 3.1875 0
10871CHOL 0.72625 8.80375 3.4175 0
10872CHOL 0.71625 17.2875 4.47 1
10873CHOL 0.3725 3.33 3.41625 0
10874CHOL 0.65375 5.535 4.08 1
10875CHOL 0.3725 9.84125 3 0
10876CHOL 0.3275 17.3337 4.43125 1
10877CHOL 0.36875 9.4575 3.09125 0
10878CHOL 0.55625 3.59625 3.09125 0
10879CHOL 0.5075 0.5225 3.28125 0
10880CHOL 0.4575 8.5625 4.61 1
10881CHOL 0.82875 15.9275 4.72125 1
10882CHOL 0.27125 8.61 4.81875 1
10883CHOL 0.52625 16.0225 2.82875 0
10884CHOL 0.5425 14.82 2.29875 0
10885CHOL 0.545 16.6825 2.4225 0
10886CHOL 0.18125 18.8775 4.44875 1
10887CHOL 0.3625 7.96125 3.29625 0
10888CHOL 0.1625 16.8837 4.6475 1
10889CHOL 0.65625 14.3075 2.715 0
10890CHOL 0.58 15.8463 4.74 1
10891CHOL 0.66 17.88 2.475 0
10892CHOL 0.30125 4.81375 3.2025 0
10893CHOL 0.5625 13.0825 2.73875 0
10894CHOL 0.3925 2.65125 3.24625 0
10895CHOL 0.74625 20.8725 3.53 0
10896CHOL 0.39625 12.6825 4.82375 1
10897CHOL 0.28875 12.2413 4.78125 1
10898CHOL 0.22 13.6412 2.27125 0
10899CHOL 0.64125 9.69625 3.0625 0
10900CHOL 0.72625 17.26 4.4825 1
10901CHOL 0.17125 13.3075 2.82625 0
10902CHOL 0.5975 20.825 4.525 1
10903CHOL 0.7 14.0287 4.6375 1
10904CHOL 0.51 8.5975 3.07125 0
10905CHOL 0.395 17.045 2.46 0
10906CHOL 0.4875 18.215 4.55375 1
10907CHOL 0.65625 13.0812 3.13875 0
10908CHOL 0.51625 12.5075 3.005 0
10909DPPC 0.633333 12.995 2.525 0
10910DPPC 0.2475 7.80833 2.79417 0
10911DPPC 0.3375 17.93 2.13333 0
10912DPPC 0.528333 8.00083 2.7625 0
10913DPPC 0.5225 6.78167 3.205 0
10914DPPC 0.451667 11.3942 3.2175 0
10915DPPC 0.475833 11.0867 2.78917 0
10916DPPC 0.483333 16.8658 2.25667 0
10917DPPC 0.571667 21.1508 2.74083 0
10918DPPC 0.433333 18.9525 1.81417 0
10919DPPC 0.404167 18.4367 1.53417 0
10920DPPC 0.389167 8.16667 2.70333 0
10921DPPC 0.4475 7.35417 2.72917 0
10922DPPC 0.525833 10.0967 3.03333 0
10923DPPC 0.484167 21.4708 2.73167 0
10924DPPC 0.6625 11.4267 2.8275 0
10925DPPC 0.505 10.16 2.9625 0
10926DPPC 0.378333 15.2492 2.72083 0
10927DPPC 0.613333 15.32 2.53833 0
10928DPPC 0.358333 6.64083 3.005 0
10929DPPC 0.805833 8.0825 3.24583 0
10930DPPC 0.300833 19.2508 2.165 0
10931DPPC 0.450833 15.4642 2.13917 0
10932DPPC 0.5825 12.8667 2.9725 0
10933DPPC 0.4675 17.1625 2.24167 0
10934DPPC 0.689167 16.0975 2.02 0
10935DPPC 0.390833 9.2175 3.00167 0
10936DPPC 0.546667 4.16083 2.60083 0
10937DPPC 0.406667 16.3475 2.46667 0
10938DPPC 0.421667 17.915 2.465 0
10939DPPC 0.361667 10.6842 2.84667 0
10940DPPC 0.365 13.2075 2.66833 0
10941DPPC 0.443333 19.7917 2.52667 0
10942DPPC 0.469167 19.4525 2.43917 0
10943DPPC 0.491667 12.49 2.92333 0
10944DPPC 0.809167 8.2075 3.095 0
10945DPPC 0.426667 19.01 2.22417 0
10946DPPC 0.456667 17.95 1.6125 0
10947DPPC 0.564167 10.8 2.65833 0
10948DPPC 0.340833 12.7075 2.5825 0
10949DPPC 0.4375 10.8942 2.8175 0
10950DPPC 0.629167 13.3592 2.53417 0
10951DPPC 0.498333 14.2517 2.375 0
10952DPPC 0.48 0.705833 2.595 0
10953DPPC 0.285 13.7058 2.93833 0
10954DPPC 0.46 19.0458 1.69167 0
10955DPPC 0.421667 7.1575 3.13333 0
10956DPPC 0.791667 11.1625 2.7525 0
10957DPPC 0.456667 6.74083 2.99083 0
10958DPPC 0.516667 10.9817 3.06583 0
10959DPPC 0.611667 16.43 1.9275 0
10960DPPC 0.495 11.5625 2.63917 0
10961DPPC 0.390833 13.0758 2.77333 0
10962DPPC 0.391667 18.3933 1.94167 0
10963DPPC 0.8225 14.0567 2.53667 0
10964DPPC 0.393333 14.395 2.57083 0
10965DPPC 0.490833 11.7933 3.01833 0
10966DPPC 0.414167 10.3233 2.75167 0
10967DPPC 0.341667 12.5875 2.47417 0
10968DPPC 0.571667 7.73583 3.08167 0
10969DPPC 0.6375 9.30167 2.62833 0
10970DPPC 0.670833 8.73833 2.86083 0
10971DPPC 0.58 15 2.58583 0
10972DPPC 0.711667 14.7825 2.45667 0
10973DPPC 0.4275 5.96167 2.88833 0
10974DPPC 0.315833 14.5375 2.50417 0
10975DPPC 0.49 9.1625 2.75833 0
10976DPPC 0.530833 17.0117 1.89917 0
10977DPPC 0.4225 7.06083 2.57417 0
10978DPPC 0.513333 15.4033 2.70417 0
10979DPPC 0.399167 7.53 2.84583 0
10980DPPC 0.66 7.98417 3.00583 0
10981DPPC 0.611667 18.9683 2.46083 0
10982DPPC 0.619167 17.4025 2.21333 0
10983DPPC 0.399167 9.14917 3.1875 0
10984DPPC 0.645833 8.33833 2.8775 0
10985DPPC 0.3425 18.6242 1.49833 0
10986DPPC 0.655 18.0058 1.935 0
10987DPPC 0.625833 7.04417 2.77167 0
10988DPPC 0.195833 11.6042 2.63833 0
10989DPPC 0.639167 8.88667 2.63167 0
10990DPPC 0.544167 17.0825 2.38 0
10991DPPC 0.463333 13.7575 2.64583 0
10992DPPC 0.576667 12.5158 2.425 0
10993DPPC 0.34 17.2317 1.8 0
10994DPPC 0.43 0.124167 2.43917 0
10995DPPC 0.568333 6.86667 3.0375 0
10996DPPC 0.4225 14.0817 2.76083 0
10997DPPC 0.54 7.495 3.03667 0
10998DPPC 0.513333 11.5475 2.71833 0
10999DPPC 0.480833 11.0442 2.63167 0
11000DPPC 0.429167 12.6333 2.54917 0
11001DPPC 0.484167 11.5467 2.65 0
11002DPPC 0.551667 18.5183 2.03167 0
11003DPPC 0.705833 18.2367 1.92833 0
11004DPPC 0.555 13.5333 2.64667 0
11005DPPC 0.175 11.695 2.73667 0
11006DPPC 0.450833 17.8542 2.07667 0
11007DPPC 0.4275 11.975 2.43167 0
11008DPPC 0.480833 18.755 2.02667 0
11009DPPC 0.605 15.6975 2.36 0
11010DPPC 0.433333 7.8925 3.14 0
11011DPPC 0.521667 16.9092 2.34667 0
11012DUPC 0.441667 8.69833 2.6225 0
11013DUPC 0.6725 3.55833 2.56167 0
11014DUPC 0.431667 6.40667 2.53333 0
11015DUPC 0.425833 4.48917 2.49833 0
11016DUPC 0.548333 21.4542 2.50083 0
11017DUPC 0.389167 20.7167 1.10417 0
11018DUPC 0.346667 21.5217 2.28 0
11019DUPC 0.513333 19.3725 1.59333 0
11020DUPC 0.425833 8.795 2.76167 0
11021DUPC 0.5975 6.3725 2.7825 0
11022DUPC 0.616667 4.1275 2.32833 0
11023DUPC 0.429167 20.1975 1.7625 0
11024DUPC 0.561667 8.78667 3.08917 0
11025DUPC 0.375833 5.26 2.21917 0
11026DUPC 0.471667 5.36667 2.70417 0
11027DUPC 0.510833 2.69167 1.05667 0
11028DUPC 0.565 19.5208 2.0375 0
11029DUPC 0.61 0.7475 1.29417 0
11030DUPC 0.535 21.0125 2.42833 0
11031DUPC 0.4775 5.32417 2.84667 0
11032DUPC 0.411667 19.3933 1.615 0
11033DUPC 0.5175 5.06833 1.95167 0
11034DUPC 0.3775 19.3133 1.75167 0
11035DUPC 0.553333 4.09 1.98083 0
11036DUPC 0.455833 0.455833 1.24583 0
11037DUPC 0.4025 20.1933 2.03167 0
11038DUPC 0.595833 0.1275 2.26167 0
11039DUPC 0.468333 1.45417 1.96333 0
11040DUPC 0.75 20.0967 1.65083 0
11041DUPC 0.370833 1.3475 1.59167 0
11042DUPC 0.431667 2.22583 2.39833 0
11043DUPC 0.498333 2.90167 2.735 0
11044DUPC 0.661667 0.808333 1.4 0
11045DUPC 0.405833 7.48667 2.62667 0
11046DUPC 0.426667 3.2325 2.455 0
11047DUPC 0.5375 20.0467 1.59167 0
11048DUPC 0.526667 21.62 1.00083 0
11049DUPC 0.465833 9.19833 2.22833 0
11050DUPC 0.534167 9.56 2.69417 0
11051DUPC 0.623333 6.4425 2.38583 0
11052DUPC 0.4475 7.70667 2.82417 0
11053DUPC 0.289167 3.48417 2.74333 0
11054DUPC 0.470833 5.45167 2.35583 0
11055DUPC 0.506667 0.785 2.25167 0
11056DUPC 0.525833 19.435 1.69333 0
11057DUPC 0.278333 0.815 1.4525 0
11058DUPC 0.623333 2.56083 2.46333 0
11059DUPC 0.488333 6.44417 2.67083 0
11060DUPC 0.4375 19.2108 2.2325 0
11061DUPC 0.453333 3.85917 1.9 0
11062DUPC 0.578333 3.99583 1.95417 0
11063DUPC 0.365833 5.98333 2.40333 0
11064DUPC 0.406667 7.83833 2.66417 0
11065DUPC 0.666667 20.0525 2.06 0
11066DUPC 0.485833 5.8875 2.78417 0
11067DUPC 0.509167 1.01583 2.27333 0
11068DUPC 0.66 0.953333 2.02833 0
11069DUPC 0.669167 6.34167 2.67083 0
11070DUPC 0.544167 4.32583 2.6425 0
11071DUPC 0.665833 1.01667 1.6475 0
11072DUPC 0.58 5.9775 2.66083 0
11073DUPC 0.490833 5.34917 1.92417 0
11074DUPC 0.285 9.03583 2.44 0
11075DUPC 0.294167 0.633333 1.41 0
11076DUPC 0.413333 8.21417 2.64 0
11077DUPC 0.335 0.5275 2.63417 0
11078DUPC 0.585 1.64917 1.49083 0
11079DUPC 0.304167 0.494167 1.34583 0
11080DPPC 0.495833 19.7158 4.71833 1
11081DPPC 0.5775 2.93333 3.67583 0
11082DPPC 0.529167 21.7758 3.6675 0
11083DPPC 0.3425 10.1725 5.36583 1
11084DPPC 0.429167 8.08333 5.1675 1
11085DPPC 0.59 9.0325 5.2425 1
11086DPPC 0.445 11.1133 5.11583 1
11087DPPC 0.504167 9.80833 5.28667 1
11088DPPC 0.573333 16.1883 5.04333 1
11089DPPC 0.550833 17.0642 4.53167 1
11090DPPC 0.540833 13.7692 4.71833 1
11091DPPC 0.406667 14.0292 4.90417 1
11092DPPC 0.404167 2.2075 3.94583 1
11093DPPC 0.584167 1.72333 3.5575 0
11094DPPC 0.505 12.2608 4.9525 1
11095DPPC 0.698333 15.2117 4.72417 1
11096DPPC 0.520833 12.0758 5.21083 1
11097DPPC 0.748333 12.465 4.68417 1
11098DPPC 0.48 21.4025 3.7525 0
11099DPPC 0.491667 12.34 5.26917 1
11100DPPC 0.709167 12.5083 4.80667 1
11101DPPC 0.419167 20.4467 3.92583 1
11102DPPC 0.320833 15.1192 4.98667 1
11103DPPC 0.38 9.0575 5.1475 1
11104DPPC 0.633333 17.3667 4.45583 1
11105DPPC 0.515833 18.9517 4.42667 1
11106DPPC 0.396667 16.7233 4.83917 1
11107DPPC 0.203333 10.0525 4.96917 1
11108DPPC 0.756667 13.005 5.01833 1
11109DPPC 0.498333 17.08 4.8675 1
11110DPPC 0.448333 16.5842 4.51667 1
11111DPPC 0.585 20.1958 4.6325 1
11112DPPC 0.52 12.0983 5.15417 1
11113DPPC 0.299167 13.3558 4.99 1
11114DPPC 0.566667 7.12583 4.87667 1
11115DPPC 0.525 14.9242 5.14167 1
11116DPPC 0.428333 16.0108 4.91917 1
11117DPPC 0.5925 9.03917 5.47583 1
11118DPPC 0.513333 14.5075 5.1225 1
11119DPPC 0.474167 15.645 4.9625 1
11120DPPC 0.544167 3.25333 3.5325 0
11121DPPC 0.5425 13.3325 5.07 1
11122DPPC 0.529167 15.8833 4.97583 1
11123DPPC 0.5475 16.4208 4.59667 1
11124DPPC 0.6 11.0992 5.1875 1
11125DPPC 0.425 20.5433 4.02 1
11126DPPC 0.515833 16.8342 4.46667 1
11127DPPC 0.708333 12.9308 5.035 1
11128DPPC 0.611667 17.8292 4.41583 1
11129DPPC 0.5625 18.4033 4.74667 1
11130DPPC 0.491667 13.2992 4.99667 1
11131DPPC 0.695833 1.30833 4.4875 1
11132DPPC 0.684167 21.185 3.75917 0
11133DPPC 0.7375 18.89 4.92167 1
11134DPPC 0.548333 15.735 5.22917 1
11135DPPC 0.293333 10.5167 5.14583 1
11136DPPC 0.575833 15.455 4.86833 1
11137DPPC 0.664167 8.67917 5.205 1
11138DPPC 0.494167 9.48 5.1625 1
11139DPPC 0.373333 18.1058 5.04917 1
11140DPPC 0.665 21.5033 4.12083 1
11141DPPC 0.643333 12.3042 5.09 1
11142DPPC 0.485 2.60833 4.01333 1
11143DPPC 0.463333 14.815 4.85333 1
11144DPPC 0.685833 12.1992 4.94917 1
11145DPPC 0.4275 21.2525 3.6775 0
11146DPPC 0.505 15.6983 4.71583 1
11147DPPC 0.448333 11.7683 5.36583 1
11148DPPC 0.544167 19.375 4.42667 1
11149DPPC 0.488333 13.235 5.12917 1
11150DPPC 0.354167 15.6683 4.96917 1
11151DPPC 0.476667 19.5125 4.1675 1
11152DPPC 0.4375 14.4733 4.80167 1
11153DPPC 0.291667 19.2892 4.16917 1
11154DPPC 0.439167 20.7908 4.47417 1
11155DPPC 0.655 9.3125 5.05 1
11156DPPC 0.131667 18.2367 4.8875 1
11157DPPC 0.36 15.2633 4.58667 1
11158DPPC 0.466667 10.5358 5.08 1
11159DPPC 0.273333 15.7917 4.79417 1
11160DPPC 0.585833 1.88 3.50417 0
11161DPPC 0.568333 11.69 5.025 1
11162DPPC 0.5275 13.2633 4.96583 1
11163DPPC 0.426667 17.95 4.91917 1
11164DPPC 0.5675 17.3183 4.685 1
11165DPPC 0.343333 4.15667 3.79917 0
11166DPPC 0.6225 18.93 4.14083 1
11167DPPC 0.614167 10.0683 4.9475 1
11168DPPC 0.576667 11.5583 5.23083 1
11169DPPC 0.353333 20.1567 3.9525 1
11170DPPC 0.459167 12.7633 5.15167 1
11171DPPC 0.5275 20.48 3.93333 1
11172DPPC 0.579167 0.118333 3.99333 1
11173DPPC 0.528333 0.795833 3.41333 0
11174DPPC 0.456667 19.06 4.07667 1
11175DPPC 0.471667 12.7567 5.27 1
11176DPPC 0.4275 17.545 4.45417 1
11177DPPC 0.251667 13.3167 5.0825 1
11178DPPC 0.405 5.4575 4.935 1
11179DPPC 0.6025 18.355 4.12417 1
11180DPPC 0.56 0.593333 4.265 1
11181DPPC 0.5375 14.7625 4.8125 1
11182DPPC 0.45 7.19 5.08583 1
11183DPPC 0.328333 19.2592 4.51583 1
11184DUPC 0.5625 10 5.14167 1
11185DUPC 0.68 4.92583 4.58333 1
11186DUPC 0.293333 19.7642 4.43917 1
11187DUPC 0.49 6.92083 5.6225 1
11188DUPC 0.534167 4.51083 4.895 1
11189DUPC 0.5025 4.5175 4.75583 1
11190DUPC 0.4625 20.855 4.8725 1
11191DUPC 0.521667 1.8325 3.8825 1
11192DUPC 0.59 8.66167 5.56917 1
11193DUPC 0.579167 19.4583 4.56917 1
11194DUPC 0.565833 11.1625 5.34333 1
11195DUPC 0.3475 3.425 4.33667 1
11196DUPC 0.426667 3.83 4.845 1
11197DUPC 0.498333 6.06583 4.5525 1
11198DUPC 0.2875 21.7492 4.82417 1
11199DUPC 0.539167 6.8125 5.3425 1
11200DUPC 0.533333 7.64667 5.38167 1
11201DUPC 0.415 3.1475 4.7875 1
11202DUPC 0.610833 10.09 5.20083 1
11203DUPC 0.586667 7.39833 5.50833 1
11204DUPC 0.340833 5.1675 4.05083 1
11205DUPC 0.481667 0.634167 4.28333 1
11206DUPC 0.559167 4.61667 5.07167 1
11207DUPC 0.389167 4.48167 4.59917 1
11208DUPC 0.455833 8.03083 5.38167 1
11209DUPC 0.421667 3.67667 4.97333 1
11210DUPC 0.556667 9.6175 5.2575 1
11211DUPC 0.4175 9.00583 5.245 1
11212DUPC 0.378333 5.5275 5.24083 1
11213DUPC 0.679167 4.91833 4.25167 1
11214DUPC 0.631667 8.99083 5.44333 1
11215DUPC 0.5325 7.26167 4.85333 1
11216DUPC 0.390833 3.37583 4.675 1
11217DUPC 0.524167 9.15 5.055 1
11218DUPC 0.460833 7.97 5.175 1
11219DUPC 0.493333 2.49167 4.565 1
11220DUPC 0.59 21.0567 4.84667 1
11221DUPC 0.5175 0.00416667 3.3775 0
11222DUPC 0.558333 17.8067 4.37333 1
11223DUPC 0.723333 1.70167 4.33083 1
11224DUPC 0.508333 5.8475 5.0325 1
11225DUPC 0.510833 3.2 4.8525 1
11226DUPC 0.3675 1.62833 4.485 1
11227DUPC 0.260833 5.265 4.19917 1
11228DUPC 0.454167 1.57667 4.3825 1
11229DUPC 0.464167 0.0166667 4.24833 1
11230DUPC 0.5325 0.393333 4.66417 1
11231DUPC 0.550833 0.269167 4.3275 1
11232DUPC 0.411667 6.34583 5.0675 1
11233DUPC 0.579167 4.26917 4.51333 1
11234DUPC 0.449167 2.9275 4.69333 1
11235DUPC 0.406667 9.1275 5.10917 1
11236DUPC 0.5275 1.04333 4.42833 1
11237DUPC 0.665 4.03083 4.5325 1
11238DUPC 0.51 5.80833 4.63083 1
11239DUPC 0.5625 2.9875 4.8625 1
11240DUPC 0.66 7.50167 4.80583 1
11241DUPC 0.456667 21.0042 4.01583 1
11242DUPC 0.523333 7.975 5.1375 1
11243DUPC 0.48 6.97583 5.3425 1
11244DUPC 0.539167 8.73917 4.9325 1
11245DUPC 0.555 7.75333 5.47583 1
11246DUPC 0.535 21.7633 4.205 1
11247DUPC 0.280833 2.16917 4.405 1
11248DUPC 0.4475 3.51333 4.07 1
11249DUPC 0.386667 3.31583 4.765 1
11250DUPC 0.425833 0.954167 4.48917 1
14401CHOL 0.60875 14.2788 5.11125 1
14402CHOL 0.30125 0.06 3.22875 0
14403CHOL 0.73125 2.75625 2.905 0
14404CHOL 0.395 10.9625 2.47125 0
14405CHOL 0.55625 14.5763 2.695 0
14406CHOL 0.385 17.0237 2.90375 0
14407CHOL 0.3925 16.97 4.6025 1
14408CHOL 0.71 4.90125 2.8575 0
14409CHOL 0.44125 18.2712 4.82375 1
14410CHOL 0.5275 4.24375 4.0625 1
14411CHOL 0.205 18.5063 4.0125 1
14412CHOL 0.645 19.45 3.9775 1
14413CHOL 0.28125 18.54 3.99625 1
14414CHOL 0.60625 20.615 2.77125 0
14415CHOL 0.645 6.5625 3.05 0
14416CHOL 0.55 19.0075 4.5025 1
14417CHOL 0.43875 17.9125 4.22625 1
14418CHOL 0.77625 0.125 2.1675 0
14419CHOL 0.60125 16.2038 2.58125 0
14420CHOL 0.44875 15.5225 2.5125 0
14421CHOL 0.51625 15.1463 4.36375 1
14422CHOL 0.595 19.2638 4.56625 1
14423CHOL 0.38 6.63125 2.75625 0
14424CHOL 0.355 10.7537 2.87375 0
14425CHOL 0.7375 18.2362 2.095 0
14426CHOL 0.3375 17.3788 2.26875 0
14427CHOL 0.3675 14.6187 4.73375 1
14428CHOL 0.395 14.1962 2.6875 0
14429CHOL 0.21125 4.70125 3.18875 0
14430CHOL 0.41875 14.2087 4.565 1
14431CHOL 0.7375 9.255 4.96125 1
14432CHOL 0.25 8.22625 4.94 1
14433CHOL 0.39625 16.05 4.75875 1
14434CHOL 0.485 10.8287 2.92375 0
14435CHOL 0.7025 17.5913 2.725 0
14436CHOL 0.53375 20.085 3.9525 1
14437CHOL 0.5 8.9375 3.47 0
14438CHOL 0.7675 13.2525 4.39 1
14439CHOL 0.37875 14.7162 2.46625 0
14440CHOL 0.5225 12.4388 3.3175 0
14441CHOL 0.44625 19.6963 2.55375 0
14442CHOL 0.24375 13.365 2.94625 0
14443CHOL 0.4 8.32875 5.245 1
14444CHOL 0.775 9.69125 3.4975 0
14445CHOL 0.3275 14.9775 2.92375 0
14446CHOL 0.4675 20.9488 3.93875 1
14447CHOL 0.30125 10.7025 4.85125 1
14448CHOL 0.73375 18.7887 1.7425 0
14449CHOL 0.49125 5.37875 3.2275 0
14450CHOL 0.28875 15.1025 2.4 0
14451CHOL 0.7875 2.61875 3.19125 0
14452CHOL 0.45125 1.71625 4.46625 1
14453CHOL 0.46625 16.9425 4.6075 1
14454CHOL 0.63125 6.8575 3.23625 0
14455CHOL 0.55 21.1325 3.5275 0
14456CHOL 0.50875 20.64 2 0
14457CHOL 0.8075 3.33125 2.06375 0
14458CHOL 0.41 19.7863 3.95375 1
14459CHOL 0.665 8.81875 5.2075 1
14460CHOL 0.33125 7.3575 3.065 0
14461CHOL 0.5275 0.23375 2.83 0
14462CHOL 0.35 15.2862 2.61875 0
14463CHOL 0.43875 14.2112 4.5375 1
14464CHOL 0.5225 21.375 2.33 0
14465CHOL 0.9 15.2887 4.8725 1
14466CHOL 0.31625 21.1063 2.84625 0
14467CHOL 0.56875 6.4375 4.385 1
14468CHOL 0.565 6.84 5.11375 1
14469CHOL 0.31375 1.575 3.1025 0
14470CHOL 0.5125 13.9337 2.995 0
14471CHOL 0.27125 6.4375 3.12125 0
14472CHOL 0.47 19.2188 3.89875 1
14473CHOL 0.89625 11.0538 2.96875 0
14474CHOL 0.47625 11.1062 5.06625 1
14475CHOL 0.51 9.765 4.94 1
14476CHOL 0.14875 16.6325 2.36125 0
14477CHOL 0.685 11.2963 4.93125 1
14478CHOL 0.4325 13.64 5.08 1
14479CHOL 0.20375 5.8525 3.20375 0
14480CHOL 0.72875 15.7038 4.3425 1
14481CHOL 0.31375 19.1812 2.40375 0
14482CHOL 0.54125 1.87125 2.9025 0
14483CHOL 0.145 15.3788 2.375 0
14484CHOL 0.4775 10.2037 5.08 1
14485CHOL 0.79 10.7337 3.13875 0
14486CHOL 0.81125 13.4425 3.25125 0
14487CHOL 0.64625 19.8425 1.67375 0
14488CHOL 0.47 8.7925 3.18 0
14489CHOL 0.675 10.4225 3.0275 0
14490CHOL 0.51625 17.8412 2.2725 0
14491CHOL 0.525 1.10375 2.75 0
14492CHOL 0.52125 12.3062 2.80125 0
14493CHOL 0.3575 15.87 2.5275 0
14494CHOL 0.16375 13.9263 2.4425 0
14495CHOL 0.495 0.63375 2.87875 0
14496CHOL 0.39875 15.5462 4.6325 1
14497CHOL 0.26625 19.4738 2.83625 0
14498CHOL 0.68 12.3287 4.53375 1
14499CHOL 0.4575 11.7875 4.665 1
14500CHOL 0.6725 1.0925 2.9725 0
14501CHOL 0.37125 7.795 3.42375 0
14502CHOL 0.2975 1.6025 3.33125 0
14503CHOL 0.52375 2.64375 2.455 0
14504CHOL 0.38375 7.03875 3.30625 0
14505CHOL 0.61875 17.8963 4.285 1
14506CHOL 0.5525 17.0462 2.3625 0
14507CHOL 0.555 6.0575 3.685 0
14508CHOL 0.65875 15.0437 4.84375 1
14509CHOL 0.54125 12.6788 4.93875 1
14510CHOL 0.29 10.5625 3.1075 0
14511CHOL 0.51875 0.1625 3.06625 0
14512CHOL 0.28625 11.65 3.05125 0
14513CHOL 0.2875 7.95375 3.48375 0
14514CHOL 0.4675 14.31 2.38375 0
14515CHOL 0.425 1.465 4.05125 1
14516CHOL 0.30375 9.3225 3.08125 0
14517CHOL 0.6475 13.295 4.91625 1
14518CHOL 0.3975 16.2188 2.3025 0
14519CHOL 0.69125 14.8 5.19875 1
14520CHOL 0.18625 2.035 4.23375 1
14521CHOL 0.41 19.6125 3.88875 1
14522CHOL 0.31125 15.4937 4.5725 1
14523CHOL 0.70625 4.46875 2.98375 0
14524CHOL 0.8925 11.2437 5.04125 1
14525CHOL 0.25375 13.055 5.15 1
14526CHOL 0.645 7.46125 3.23375 0
14527CHOL 0.39875 15.35 4.6975 1
14528CHOL 0.725 14.4312 2.9525 0
14529CHOL 0.34875 6.0725 5.0675 1
14530CHOL 0.5575 15.8088 2.75875 0
14531CHOL 0.5875 2.0775 3.94125 1
14532CHOL 0.4825 9.66 4.72125 1
14533CHOL 0.2725 13.945 4.8575 1
14534CHOL 0.39125 8.5675 3.08375 0
14535CHOL 0.45 17.3162 2.42 0
14536CHOL 0.195 21.1312 3.445 0
14537CHOL 0.7675 12.7475 2.99375 0
14538CHOL 0.47875 11.1537 3.29125 0
14539CHOL 0.65875 16.995 4.395 1
14540CHOL 0.28875 18.235 3.99375 1
14541CHOL 0.65375 13.6275 4.6625 1
14542CHOL 0.705 14.255 2.8725 0
14543CHOL 0.675 19.6862 2.44375 0
14544CHOL 0.73375 0.37875 3.7675 0
