[ membrane_1_leaflet_1 ]
   161   162   163   164   165   166   167   168   169   170   171   172   173   174   190
   191   192   193   194   195   196   197   198   199   200   201   202   218   219   220
   221   222   223   224   225   226   227   228   229   230   231   232   246   247   248
   249   250   251   252   253   254   255   256   257   258   259
[ membrane_1_leaflet_2 ]
   175   176   177   178   179   180   181   182   183   184   185   186   187   188   189
   203   204   205   206   207   208   209   210   211   212   213   214   215   216   217
   233   234   235   236   237   238   239   240   241   242   243   244   245   260   261
   262   263   264   265   266   267   268   269   270   271   272
